6
10
15
34
36
39
46
50
110
111
134
143
144
168
188
196
203
204
209
218
233
240
250
267
268
268
273
283
296
297
298
312
333
344
356
370
394
410
430
434
445
453
454
475
487
494
495
498
503
503
506
518
523
530
530
531
535
536
544
544
546
546
577
636
642
656
668
672
678
692
715
730
746
773
778
791
792
794
798
802
826
833
853
864
918
932
944
945
950
954
960
967
983
1003
1013
1024
1027
1030
1059
1101
1107
1113
1119
1124
1149
1149
1153
1176
1179
1183
1190
1194
1197
1212
1215
1235
1237
1260
1264
1264
1266
1300
1324
1334
1363
1390
1393
1403
1409
1411
1413
1417
1429
1435
1451
1452
1459
1482
1487
1493
1510
1525
1540
1563
1572
1590
1611
1626
1628
1634
1652
1663
1673
1681
1698
1698
1700
1702
1703
1721
1721
1722
1729
1736
1739
1748
1753
1753
1754
1768
1782
1795
1804
1807
1811
1817
1828
1834
1838
1850
1859
1868
1874
1895
1903
1912
1929
1939
1944
1966
1966
1970
1979
1995
2047
2048
2067
2068
2069
2074
2085
2100
2145
2153
2161
2162
2162
2164
2177
2212
2214
2222
2224
2239
2257
2257
2263
2287
2314
2316
2316
2321
2327
2329
2351
2354
2356
2370
2393
2395
2397
2403
2426
2430
2437
2444
2487
2499
2555
2558
2570
2591
2602
2618
2620
2623
2639
2646
2649
2660
2666
2673
2684
2701
2703
2730
2760
2768
2776
2783
2794
2803
2809
2815
2817
2847
2853
2867
2869
2879
2886
2902
2910
2915
2928
2929
2949
2953
2953
2966
2972
2982
3006
3008
3027
3030
3036
3038
3039
3065
3083
3087
3106
3114
3136
3147
3151
3154
3155
3194
3195
3197
3208
3220
3221
3234
3241
3244
3248
3249
3251
3272
3276
3276
3281
3281
3292
3293
3302
3313
3314
3324
3331
3341
3351
3352
3400
3416
3418
3421
3430
3447
3451
3456
3462
3474
3477
3494
3513
3518
3527
3530
3555
3560
3573
3581
3585
3586
3614
3620
3628
3644
3652
3661
3662
3664
3666
3668
3693
3699
3703
3710
3720
3721
3731
3739
3744
3745
3753
3758
3778
3785
3788
3788
3813
3816
3820
3825
3880
3882
3882
3895
3896
3902
3909
3916
3920
3932
3945
3952
3962
3967
3989
3990
3991
4013
4027
4029
4059
4066
4094
4100
4108
4108
4132
4158
4163
4173
4187
4200
4229
4245
4246
4262
4294
4303
4303
4312
4326
4330
4341
4343
4353
4359
4370
4377
4382
4390
4391
4394
4420
4423
4462
4486
4491
4491
4502
4506
4510
4529
4551
4553
4564
4577
4587
4590
4616
4637
4640
4655
4657
4688
4698
4704
4707
4717
4724
4741
4761
4790
4814
4829
4833
4864
4870
4882
4882
4899
4900
4919
4926
4927
4939
4943
4953
4962
4972
4998
5041
5052
5067
5069
5075
5080
5088
5102
5110
5156
5160
5160
5176
5183
5186
5199
5202
5210
5215
5221
5240
5270
5293
5298
5317
5320
5322
5347
5353
5356
5356
5357
5361
5363
5371
5380
5402
5423
5461
5484
5489
5502
5568
5588
5594
5621
5625
5631
5637
5639
5645
5664
5666
5667
5684
5696
5723
5725
5730
5736
5739
5748
5749
5756
5762
5767
5781
5794
5804
5830
5847
5848
5872
5876
5897
5906
5914
5924
5926
5928
5950
5956
5957
5958
5970
5986
6023
6027
6028
6061
6062
6077
6140
6149
6163
6165
6167
6179
6183
6190
6222
6240
6255
6288
6290
6293
6303
6307
6325
6343
6344
6344
6350
6371
6401
6402
6407
6423
6445
6450
6454
6490
6491
6523
6527
6529
6550
6571
6578
6578
6579
6579
6588
6597
6603
6603
6607
6616
6623
6629
6639
6643
6654
6655
6664
6684
6700
6710
6717
6728
6738
6746
6746
6759
6760
6761
6762
6769
6771
6780
6783
6796
6829
6853
6853
6855
6858
6871
6882
6886
6919
6941
6944
6946
6956
6961
6964
6967
6967
6984
6995
7010
7015
7034
7048
7083
7090
7104
7106
7109
7112
7112
7119
7123
7123
7126
7131
7132
7145
7146
7162
7187
7188
7204
7209
7215
7223
7239
7275
7282
7290
7305
7327
7361
7362
7393
7399
7409
7410
7448
7450
7456
7463
7470
7477
7482
7483
7487
7496
7498
7507
7536
7548
7555
7557
7562
7577
7592
7599
7640
7648
7649
7661
7664
7665
7673
7691
7702
7716
7729
7736
7743
7802
7823
7840
7841
7844
7855
7867
7869
7875
7885
7886
7887
7899
7901
7911
7913
7918
7921
7942
7947
7948
7949
7950
7954
7975
7983
7985
7996
7997
8018
8030
8040
8045
8045
8056
8081
8084
8112
8112
8114
8119
8124
8131
8142
8149
8157
8166
8193
8200
8211
8219
8237
8247
8260
8272
8276
8283
8286
8287
8288
8292
8296
8310
8316
8331
8336
8371
8382
8383
8384
8387
8400
8401
8417
8424
8426
8450
8453
8454
8460
8462
8463
8464
8465
8491
8495
8501
8507
8527
8531
8533
8536
8545
8546
8576
8582
8589
8589
8594
8600
8603
8607
8619
8630
8639
8643
8644
8644
8669
8673
8677
8683
8732
8739
8745
8748
8764
8767
8798
8799
8810
8823
8824
8835
8839
8902
8903
8906
8908
8911
8924
8960
8978
8984
8993
9007
9019
9027
9053
9067
9068
9095
9099
9102
9106
9113
9131
9133
9168
9173
9186
9188
9190
9194
9197
9198
9202
9204
9204
9205
9215
9220
9233
9247
9275
9275
9287
9299
9306
9316
9326
9329
9330
9367
9417
9418
9422
9431
9435
9470
9484
9491
9497
9502
9504
9509
9513
9544
9550
9561
9566
9573
9579
9596
9602
9627
9645
9647
9661
9663
9678
9686
9689
9696
9698
9709
9709
9712
9714
9717
9722
9737
9761
9766
9776
9889
9899
9905
9914
9923
9929
9937
9944
9955
9974
9979
10027
10034
10060
10067
10077
10085
10102
10113
10116
10123
10126
10139
10155
10157
10164
10172
10177
10190
10208
10213
10236
10245
10251
10268
10270
10278
10283
10297
10304
10311
10312
10319
10325
10364
10366
10367
10380
10387
10398
10404
10410
10412
10415
10429
10449
10456
10458
10477
10478
10488
10521
10557
10565
10581
10582
10582
10595
10596
10614
10621
10625
10650
10659
10662
10678
10687
10693
10729
10730
10762
10775
10790
10792
10798
10807
10810
10842
10845
10856
10878
10882
10887
10907
10908
10920
10921
10924
10927
10929
10948
10964
10973
10993
10994
10996
11011
11017
11022
11030
11034
11038
11061
11066
11066
11072
11079
11096
11104
11124
11139
11140
11140
11156
11166
11183
11191
11197
11206
11209
11216
11218
11224
11233
11236
11267
11280
11306
11316
11369
11374
11385
11392
11397
11398
11399
11404
11411
11412
11426
11435
11442
11444
11445
11472
11488
11544
11569
11579
11580
11581
11583
11586
11624
11625
11627
11634
11636
11677
11679
11684
11689
11696
11721
11725
11744
11744
11766
11767
11774
11779
11800
11804
11806
11824
11833
11841
11851
11854
11855
11866
11870
11882
11892
11897
11911
11935
11936
11942
11951
11958
11976
11976
11994
11998
12003
12004
12016
12053
12054
12059
12063
12074
12140
12141
12141
12183
12185
12201
12204
12204
12207
12218
12218
12218
12232
12233
12235
12249
12259
12264
12266
12271
12286
12307
12308
12315
12317
12319
12355
12376
12378
12385
12388
12390
12409
12417
12420
12422
12426
12448
12451
12455
12460
12472
12491
12513
12552
12556
12599
12606
12639
12645
12664
12673
12675
12680
12684
12708
12708
12708
12709
12727
12729
12753
12754
12756
12757
12758
12763
12771
12772
12781
12807
12835
12837
12846
12857
12860
12872
12908
12915
12934
12936
12952
12984
12985
12996
12997
13013
13020
13080
13089
13102
13109
13122
13128
13135
13135
13147
13185
13193
13193
13195
13203
13205
13206
13221
13229
13250
13260
13272
13284
13287
13291
13295
13302
13324
13329
13340
13348
13358
13359
13409
13412
13428
13429
13430
13437
13444
13444
13465
13474
13479
13482
13483
13490
13494
13505
13534
13534
13543
13551
13601
13604
13623
13646
13647
13647
13649
13650
13661
13676
13704
13708
13711
13718
13721
13733
13739
13744
13748
13765
13774
13787
13790
13800
13809
13811
13842
13844
13847
13879
13894
13908
13911
13931
13945
13947
13952
13956
13964
13992
13992
14011
14012
14014
14022
14037
14052
14072
14084
14094
14097
14102
14127
14131
14131
14154
14154
14156
14159
14160
14169
14173
14176
14183
14190
14191
14195
14197
14220
14221
14234
14241
14249
14254
14265
14280
14283
14285
14286
14291
14296
14300
14311
14340
14348
14350
14413
14420
14443
14456
14469
14477
14484
14493
14500
14503
14530
14533
14545
14547
14553
14560
14575
14594
14610
14612
14635
14654
14655
14692
14699
14706
14708
14708
14709
14712
14718
14722
14745
14745
14751
14758
14758
14768
14776
14793
14800
14802
14811
14823
14832
14833
14833
14835
14840
14843
14846
14859
14861
14865
14879
14881
14914
14918
14925
14926
14933
14962
14993
14995
15004
15009
15009
15025
15026
15034
15038
15039
15053
15062
15062
15070
15079
15079
15080
15113
15113
15128
15161
15165
15169
15175
15186
15206
15206
15216
15242
15242
15244
15263
15268
15283
15286
15289
15296
15310
15311
15317
15319
15325
15332
15335
15337
15350
15368
15400
15424
15429
15431
15447
15453
15460
15462
15471
15474
15484
15495
15498
15503
15518
15519
15528
15531
15531
15537
15577
15592
15608
15611
15615
15629
15639
15650
15650
15674
15687
15688
15701
15702
15741
15751
15769
15770
15788
15790
15811
15814
15815
15839
15854
15854
15855
15877
15885
15892
15893
15906
15911
15913
15917
15917
15921
15927
15931
15931
15934
15938
15943
15943
15947
15952
15952
15955
15968
15977
15979
15988
15998
16009
16014
16019
16022
16027
16031
16060
16066
16072
16074
16085
16094
16102
16103
16121
16124
16130
16146
16152
16176
16177
16180
16185
16192
16205
16231
16243
16244
16254
16261
16263
16290
16306
16319
16319
16338
16343
16351
16368
16369
16384
16387
16390
16396
16408
16421
16421
16440
16449
16450
16455
16456
16466
16473
16475
16476
16478
16479
16492
16500
16509
16513
16531
16531
16557
16596
16598
16612
16631
16632
16653
16673
16682
16682
16684
16685
16702
16710
16719
16719
16723
16740
16748
16753
16756
16763
16769
16770
16783
16786
16790
16798
16809
16813
16815
16838
16841
16851
16860
16862
16880
16887
16892
16897
16914
16923
16927
16949
16951
16963
16964
16970
16976
16978
16984
16985
16992
17010
17059
17067
17114
17124
17130
17130
17144
17145
17160
17164
17167
17168
17170
17180
17190
17198
17225
17232
17236
17238
17239
17249
17272
17281
17290
17308
17309
17310
17336
17338
17357
17362
17363
17375
17396
17397
17402
17406
17454
17454
17457
17461
17473
17490
17505
17507
17514
17522
17543
17550
17566
17576
17585
17587
17589
17591
17596
17600
17600
17602
17606
17608
17618
17625
17626
17628
17628
17632
17634
17635
17637
17639
17646
17651
17663
17673
17677
17700
17706
17713
17723
17736
17759
17760
17772
17774
17783
17793
17799
17803
17810
17824
17825
17827
17835
17845
17847
17859
17859
17902
17913
17915
17917
17934
17943
17959
17986
17993
17998
18013
18013
18019
18031
18031
18032
18032
18046
18056
18057
18061
18073
18073
18099
18101
18115
18117
18120
18126
18157
18176
18185
18187
18187
18189
18201
18226
18229
18238
18244
18249
18255
18263
18279
18287
18289
18294
18302
18315
18336
18338
18350
18370
18370
18379
18379
18388
18392
18397
18427
18441
18443
18461
18464
18471
18488
18492
18517
18523
18527
18533
18547
18557
18557
18563
18563
18564
18571
18582
18584
18615
18633
18653
18653
18654
18656
18658
18670
18670
18683
18688
18697
18708
18726
18761
18771
18778
18782
18787
18801
18804
18814
18843
18859
18869
18874
18890
18899
18903
18911
18963
18964
18965
18974
18978
18992
19009
19016
19025
19040
19046
19051
19061
19061
19063
19071
19073
19078
19089
19094
19095
19112
19119
19120
19145
19161
19178
19187
19194
19213
19246
19258
19259
19259
19268
19276
19285
19287
19287
19302
19328
19335
19336
19356
19356
19373
19374
19382
19383
19396
19403
19408
19412
19413
19413
19424
19426
19427
19430
19434
19465
19473
19476
19477
19480
19480
19489
19490
19493
19493
19494
19496
19504
19509
19511
19513
19523
19524
19546
19582
19601
19603
19605
19617
19622
19631
19647
19648
19680
19682
19686
19691
19699
19704
19706
19715
19717
19720
19730
19737
19740
19744
19753
19771
19790
19822
19822
19850
19862
19869
19869
19875
19901
19925
19930
19963
19969
19970
19983
20003
20031
20033
20048
20089
20096
20114
20119
20119
20122
20151
20162
20194
20194
20200
20220
20226
20233
20255
20260
20263
20268
20283
20293
20295
20300
20300
20320
20322
20325
20333
20347
20357
20370
20415
20416
20417
20422
20423
20435
20443
20466
20469
20475
20485
20501
20502
20502
20504
20505
20506
20513
20523
20530
20549
20567
20580
20582
20589
20591
20604
20612
20643
20646
20703
20710
20712
20720
20732
20760
20789
20791
20809
20815
20860
20861
20872
20886
20887
20888
20889
20894
20905
20909
20914
20930
20936
20959
20970
20971
20996
21007
21035
21051
21061
21064
21079
21083
21084
21097
21119
21121
21125
21125
21130
21137
21142
21148
21153
21154
21158
21158
21159
21179
21195
21200
21221
21224
21231
21259
21272
21275
21293
21301
21312
21322
21323
21330
21339
21340
21362
21373
21384
21385
21392
21400
21409
21414
21415
21417
21429
21442
21459
21469
21507
21507
21530
21540
21548
21554
21583
21594
21594
21599
21603
21606
21607
21610
21641
21657
21663
21667
21671
21672
21675
21686
21702
21711
21715
21740
21744
21755
21763
21768
21769
21789
21814
21832
21834
21847
21852
21866
21881
21885
21888
21902
21923
21926
21949
21962
21964
21965
21970
22028
22051
22054
22059
22063
22066
22068
22077
22099
22100
22108
22109
22110
22116
22126
22132
22182
22182
22188
22209
22214
22221
22243
22257
22260
22261
22289
22291
22304
22320
22324
22331
22333
22340
22376
22378
22396
22406
22429
22440
22454
22456
22456
22466
22473
22484
22485
22485
22499
22511
22515
22518
22528
22536
22540
22541
22548
22567
22567
22572
22581
22587
22596
22602
22603
22610
22624
22643
22655
22673
22673
22680
22693
22698
22706
22709
22710
22712
22712
22713
22717
22731
22760
22766
22799
22811
22814
22868
22879
22885
22893
22901
22924
22927
22964
22968
22973
22982
22992
22993
22998
23009
23025
23034
23034
23055
23062
23064
23064
23071
23072
23074
23081
23087
23105
23113
23115
23117
23124
23130
23132
23136
23160
23160
23167
23171
23178
23190
23193
23201
23254
23277
23282
23297
23309
23316
23320
23336
23338
23339
23344
23361
23370
23370
23375
23385
23390
23422
23427
23437
23438
23438
23445
23446
23450
23451
23470
23471
23482
23483
23499
23499
23510
23515
23519
23529
23532
23539
23540
23541
23552
23555
23584
23591
23602
23602
23603
23605
23615
23617
23627
23630
23631
23645
23653
23685
23691
23704
23721
23727
23739
23763
23765
23778
23805
23819
23838
23846
23851
23857
23860
23873
23891
23913
23917
23922
23925
23929
23960
23996
24005
24008
24010
24013
24017
24023
24029
24055
24055
24057
24063
24098
24123
24124
24132
24146
24160
24167
24187
24196
24203
24207
24237
24237
24248
24255
24268
24281
24294
24312
24329
24332
24338
24338
24341
24349
24350
24360
24365
24379
24380
24383
24396
24406
24409
24434
24458
24464
24467
24484
24489
24490
24492
24519
24521
24522
24527
24539
24568
24574
24595
24613
24613
24619
24622
24636
24639
24649
24649
24658
24662
24663
24697
24697
24710
24752
24762
24778
24783
24786
24790
24796
24808
24811
24814
24824
24828
24838
24840
24883
24884
24885
24900
24914
24921
24936
24938
24944
24945
24958
24963
24968
24974
24975
24990
24999
25006
25007
25009
25014
25015
25027
25034
25042
25046
25050
25066
25076
25084
25088
25109
25112
25125
25141
25156
25159
25169
25175
25178
25179
25181
25192
25203
25206
25210
25239
25250
25270
25275
25279
25279
25284
25289
25304
25308
25333
25336
25346
25347
25347
25352
25353
25355
25360
25361
25378
25386
25402
25405
25409
25409
25410
25416
25445
25445
25448
25449
25455
25457
25462
25469
25476
25486
25502
25507
25508
25513
25530
25534
25534
25541
25543
25553
25573
25581
25586
25601
25611
25636
25637
25658
25662
25668
25671
25674
25676
25684
25711
25719
25723
25736
25756
25769
25774
25775
25777
25816
25818
25827
25837
25840
25872
25881
25882
25883
25886
25911
25912
25914
25928
25945
25946
25947
25971
25989
25989
25999
26005
26008
26010
26019
26032
26033
26041
26067
26102
26110
26146
26164
26171
26179
26184
26211
26212
26216
26218
26223
26233
26252
26257
26264
26268
26272
26280
26293
26295
26299
26367
26372
26377
26383
26390
26413
26420
26478
26505
26521
26522
26544
26544
26550
26567
26582
26584
26596
26604
26630
26647
26669
26670
26672
26684
26687
26690
26695
26702
26709
26713
26720
26721
26739
26755
26759
26759
26760
26760
26771
26807
26824
26835
26835
26836
26842
26852
26863
26863
26865
26868
26871
26896
26903
26905
26910
26927
26939
26942
26965
27019
27026
27038
27041
27046
27048
27067
27079
27086
27086
27090
27093
27108
27119
27122
27130
27143
27172
27183
27188
27201
27218
27222
27225
27228
27237
27261
27266
27266
27279
27285
27297
27301
27364
27378
27381
27389
27400
27401
27419
27426
27430
27433
27434
27436
27440
27449
27464
27465
27472
27496
27499
27501
27513
27515
27551
27552
27575
27580
27584
27599
27605
27645
27649
27651
27663
27663
27665
27668
27689
27689
27695
27699
27719
27722
27734
27755
27757
27773
27774
27779
27792
27796
27798
27799
27801
27810
27813
27818
27820
27822
27826
27832
27856
27858
27863
27881
27888
27889
27895
27928
27934
27937
27947
27959
27963
27972
28000
28003
28014
28015
28015
28023
28033
28046
28065
28071
28081
28091
28108
28116
28117
28165
28181
28187
28193
28201
28223
28234
28284
28321
28349
28350
28359
28373
28375
28380
28390
28395
28421
28426
28427
28431
28449
28481
28492
28530
28568
28571
28577
28585
28595
28596
28602
28615
28621
28626
28632
28661
28681
28685
28712
28727
28741
28753
28759
28767
28779
28782
28785
28799
28807
28813
28819
28828
28848
28851
28856
28860
28865
28869
28874
28881
28930
28936
28954
28958
28978
28995
28996
29021
29031
29031
29055
29071
29095
29109
29124
29127
29127
29136
29136
29142
29159
29160
29167
29168
29169
29195
29202
29220
29223
29250
29251
29269
29270
29303
29316
29331
29332
29334
29344
29346
29351
29353
29356
29365
29384
29405
29407
29417
29418
29436
29441
29460
29477
29494
29500
29501
29521
29531
29538
29539
29549
29553
29556
29560
29562
29563
29579
29583
29600
29611
29630
29642
29677
29706
29727
29730
29732
29750
29757
29763
29767
29786
29812
29819
29834
29840
29882
29883
29893
29901
29905
29912
29913
29921
29973
29983
29987
29988
29992
29996
30004
30004
30007
30020
30044
30067
30076
30089
30097
30098
30100
30105
30129
30132
30138
30139
30140
30143
30150
30162
30172
30187
30191
30209
30211
30213
30218
30227
30241
30242
30252
30259
30281
30285
30297
30303
30306
30308
30312
30326
30341
30361
30387
30395
30396
30398
30407
30429
30436
30445
30458
30466
30475
30477
30479
30483
30520
30528
30556
30559
30563
30579
30582
30598
30600
30602
30653
30659
30660
30662
30667
30691
30699
30709
30716
30718
30719
30728
30729
30737
30744
30756
30766
30768
30777
30800
30801
30849
30856
30864
30870
30872
30878
30884
30891
30893
30903
30909
30918
30920
30922
30924
30936
30938
30974
30978
30993
31007
31008
31018
31026
31026
31035
31057
31067
31069
31075
31080
31092
31100
31101
31149
31153
31154
31158
31163
31191
31197
31198
31205
31217
31219
31219
31220
31221
31233
31255
31263
31272
31273
31295
31306
31326
31333
31333
31350
31351
31353
31358
31362
31370
31393
31408
31419
31428
31443
31447
31465
31482
31488
31489
31492
31501
31509
31528
31530
31530
31531
31531
31537
31538
31544
31548
31549
31553
31564
31590
31603
31617
31622
31636
31639
31650
31652
31670
31681
31684
31690
31693
31714
31722
31724
31727
31741
31765
31770
31771
31774
31784
31790
31797
31798
31806
31810
31825
31858
31874
31898
31899
31914
31925
31929
31930
31932
31944
31951
31951
31968
31971
31977
32026
32036
32040
32041
32047
32057
32058
32061
32063
32068
32069
32082
32091
32103
32133
32134
32153
32159
32175
32178
32182
32186
32186
32209
32223
32226
32234
32238
32264
32266
32271
32285
32290
32296
32297
32300
32304
32306
32320
32321
32330
32331
32334
32336
32345
32349
32353
32357
32369
32371
32386
32386
32388
32401
32403
32425
32467
32495
32508
32515
32538
32545
32545
32545
32547
32549
32552
32566
32568
32572
32574
32577
32578
32584
32592
32594
32600
32602
32603
32608
32634
32664
32665
32682
32687
32703
32709
32709
32710
32714
32717
32729
32737
32738
32758
32786
32789
32798
32809
32812
32829
32832
32833
32851
32860
32871
32877
32880
32884
32899
32903
32917
32919
32919
32920
32956
32996
33010
33021
33032
33040
33050
33065
33080
33081
33082
33091
33122
33123
33147
33152
33154
33159
33167
33192
33197
33215
33221
33229
33229
33250
33257
33261
33264
33266
33281
33292
33296
33300
33303
33322
33336
33337
33359
33360
33362
33377
33380
33381
33410
33453
33454
33468
33496
33514
33517
33520
33536
33540
33545
33554
33559
33561
33561
33567
33578
33579
33605
33611
33647
33672
33680
33721
33728
33734
33759
33760
33771
33789
33809
33815
33818
33826
33839
33841
33850
33881
33887
33905
33920
33941
33955
33958
33959
33985
33999
34000
34002
34005
34008
34035
34039
34042
34056
34083
34085
34095
34108
34118
34125
34128
34136
34149
34176
34177
34182
34194
34197
34218
34218
34241
34247
34288
34288
34313
34319
34323
34342
34353
34355
34384
34387
34394
34409
34413
34423
34425
34428
34429
34442
34449
34449
34450
34492
34502
34504
34536
34538
34541
34541
34554
34554
34554
34585
34602
34606
34616
34626
34645
34708
34719
34720
34731
34735
34739
34777
34782
34794
34799
34802
34823
34827
34834
34838
34854
34854
34856
34857
34868
34869
34872
34879
34898
34898
34900
34904
34920
34922
34925
34927
34934
34936
34936
34946
34950
34964
34964
34967
34973
34975
34979
34983
34992
35007
35059
35061
35108
35118
35118
35121
35136
35142
35142
35184
35189
35211
35217
35238
35245
35251
35253
35263
35284
35301
35309
35316
35325
35333
35333
35338
35338
35347
35366
35378
35382
35390
35400
35404
35409
35420
35424
35429
35430
35438
35454
35469
35474
35476
35480
35494
35500
35502
35508
35519
35529
35547
35556
35560
35563
35591
35605
35618
35624
35643
35650
35658
35672
35683
35690
35704
35721
35724
35729
35738
35740
35744
35750
35754
35778
35798
35817
35819
35819
35823
35839
35843
35845
35849
35870
35875
35897
35906
35907
35909
35912
35913
35924
35939
35950
35960
35982
36007
36023
36033
36038
36062
36086
36086
36104
36110
36123
36135
36140
36144
36145
36151
36157
36158
36160
36160
36172
36181
36196
36221
36245
36263
36263
36269
36279
36287
36290
36292
36293
36299
36319
36319
36324
36352
36354
36358
36365
36368
36374
36400
36412
36415
36418
36427
36428
36436
36449
36455
36470
36470
36491
36506
36509
36538
36551
36569
36571
36591
36593
36609
36615
36617
36633
36640
36640
36646
36653
36661
36665
36666
36673
36673
36675
36678
36683
36692
36695
36698
36707
36713
36723
36723
36739
36742
36746
36747
36755
36778
36783
36789
36797
36802
36842
36857
36873
36878
36881
36887
36899
36929
36939
36946
36947
36950
36952
36956
36958
36962
36974
36991
36997
37001
37006
37029
37040
37054
37057
37063
37064
37064
37071
37087
37096
37098
37115
37118
37121
37125
37126
37137
37145
37149
37177
37186
37211
37214
37218
37223
37251
37252
37263
37264
37278
37310
37310
37313
37313
37320
37320
37321
37333
37372
37382
37386
37388
37419
37457
37460
37530
37538
37540
37552
37558
37576
37582
37591
37610
37630
37630
37632
37633
37652
37655
37667
37674
37680
37680
37682
37692
37699
37711
37711
37716
37727
37729
37753
37781
37781
37788
37811
37825
37828
37831
37837
37865
37883
37888
37889
37893
37899
37908
37911
37920
37948
37960
37982
37982
37992
37992
37996
38013
38018
38024
38031
38059
38077
38081
38105
38107
38109
38110
38117
38117
38132
38165
38177
38181
38185
38186
38193
38206
38216
38233
38237
38244
38250
38263
38268
38272
38314
38319
38322
38348
38348
38350
38357
38389
38401
38408
38409
38453
38461
38471
38478
38481
38487
38498
38505
38511
38511
38523
38524
38536
38537
38548
38553
38556
38570
38578
38584
38600
38620
38664
38678
38680
38683
38690
38710
38712
38720
38728
38736
38762
38772
38812
38822
38833
38853
38856
38856
38861
38875
38908
38930
38974
38995
38999
39034
39046
39055
39078
39085
39092
39093
39099
39101
39117
39121
39128
39139
39142
39156
39174
39185
39185
39192
39220
39226
39230
39235
39245
39273
39274
39282
39301
39314
39321
39347
39360
39366
39384
39388
39393
39396
39407
39412
39417
39417
39419
39419
39431
39432
39435
39440
39442
39456
39468
39489
39491
39497
39503
39503
39507
39508
39523
39523
39539
39552
39586
39594
39606
39630
39663
39675
39681
39697
39700
39709
39721
39727
39729
39732
39737
39741
39746
39756
39762
39785
39789
39790
39795
39801
39808
39822
39832
39832
39833
39841
39845
39852
39862
39863
39866
39869
39879
39886
39896
39908
39918
39934
39946
39951
39966
39984
40006
40009
40010
40017
40023
40026
40043
40044
40046
40057
40058
40058
40060
40060
40078
40084
40103
40133
40140
40144
40163
40208
40213
40217
40219
40230
40253
40267
40271
40273
40292
40316
40317
40330
40337
40357
40423
40445
40461
40463
40472
40480
40493
40496
40522
40529
40550
40553
40556
40587
40596
40625
40639
40649
40657
40679
40696
40706
40707
40726
40740
40741
40747
40754
40767
40780
40792
40800
40801
40802
40812
40820
40827
40830
40833
40835
40837
40846
40860
40863
40864
40873
40906
40914
40923
40923
40930
40935
40943
40979
40994
41032
41036
41047
41057
41071
41076
41081
41085
41090
41092
41094
41106
41114
41130
41130
41144
41196
41207
41219
41244
41274
41283
41288
41295
41311
41331
41342
41363
41379
41387
41398
41402
41407
41423
41437
41455
41462
41480
41492
41501
41503
41504
41507
41524
41536
41539
41600
41601
41604
41604
41606
41609
41625
41640
41644
41646
41648
41652
41664
41708
41711
41711
41715
41720
41730
41732
41737
41746
41770
41770
41799
41805
41814
41820
41827
41834
41837
41863
41868
41894
41929
41929
41942
41945
41960
41960
41968
41990
41990
42001
42017
42029
42040
42041
42055
42083
42088
42108
42126
42133
42135
42136
42147
42160
42176
42182
42210
42220
42223
42257
42264
42268
42278
42279
42310
42323
42334
42337
42353
42366
42369
42373
42377
42378
42381
42388
42396
42402
42403
42406
42409
42418
42447
42453
42483
42496
42501
42512
42516
42533
42533
42543
42550
42608
42610
42625
42627
42629
42632
42654
42658
42662
42666
42671
42677
42709
42722
42731
42733
42740
42765
42771
42775
42802
42807
42809
42820
42821
42836
42841
42845
42858
42872
42894
42904
42908
42919
42926
42946
42955
42957
42958
43006
43011
43017
43020
43024
43027
43032
43036
43043
43053
43058
43064
43075
43078
43095
43103
43110
43113
43115
43125
43132
43140
43151
43176
43187
43188
43200
43200
43206
43213
43214
43232
43233
43240
43246
43249
43261
43268
43278
43286
43296
43300
43309
43320
43321
43330
43340
43345
43348
43352
43355
43369
43386
43391
43391
43414
43429
43447
43451
43479
43483
43485
43495
43503
43513
43528
43556
43564
43577
43584
43592
43596
43623
43623
43647
43657
43659
43672
43675
43695
43713
43718
43728
43740
43768
43768
43790
43807
43813
43825
43835
43837
43840
43852
43865
43868
43896
43901
43902
43904
43915
43916
43927
43931
43936
43953
43962
43965
43966
43988
44015
44035
44039
44042
44053
44054
44073
44083
44088
44091
44095
44097
44107
44113
44113
44126
44142
44161
44174
44176
44181
44198
44204
44213
44236
44267
44268
44276
44294
44302
44309
44311
44312
44321
44322
44339
44355
44360
44395
44400
44401
44434
44434
44448
44449
44449
44461
44467
44478
44489
44491
44494
44495
44497
44499
44517
44540
44543
44573
44583
44584
44599
44609
44613
44618
44637
44645
44672
44699
44706
44720
44721
44732
44767
44768
44785
44806
44813
44824
44830
44838
44839
44844
44845
44850
44857
44861
44889
44896
44906
44932
44957
44964
44967
44977
44984
44999
45001
45001
45004
45009
45031
45049
45055
45057
45057
45058
45060
45075
45105
45118
45124
45135
45140
45142
45151
45154
45171
45186
45196
45207
45209
45221
45225
45226
45248
45250
45252
45270
45272
45274
45276
45280
45282
45291
45325
45328
45328
45341
45342
45358
45372
45374
45383
45388
45406
45422
45426
45434
45437
45452
45478
45502
45507
45509
45514
45522
45523
45544
45549
45553
45563
45575
45591
45596
45600
45605
45608
45618
45641
45660
45672
45700
45710
45715
45718
45743
45759
45761
45774
45782
45811
45813
45813
45820
45821
45824
45825
45853
45859
45876
45882
45893
45894
45899
45942
45947
45976
45994
45998
45998
45998
46002
46008
46013
46025
46036
46053
46070
46073
46106
46108
46121
46126
46135
46139
46149
46157
46161
46165
46165
46168
46175
46185
46219
46221
46233
46235
46244
46281
46297
46300
46338
46342
46359
46416
46446
46475
46486
46506
46525
46535
46536
46538
46556
46558
46571
46572
46582
46585
46586
46597
46607
46608
46612
46621
46650
46651
46659
46659
46671
46682
46696
46708
46715
46718
46718
46721
46730
46734
46746
46755
46772
46777
46786
46810
46832
46849
46853
46879
46889
46914
46928
46931
46934
46941
46985
46990
47008
47037
47047
47060
47063
47067
47078
47089
47108
47110
47117
47127
47145
47163
47164
47166
47185
47190
47192
47196
47201
47201
47221
47236
47243
47253
47267
47290
47291
47291
47297
47301
47302
47306
47323
47328
47332
47351
47369
47380
47386
47396
47397
47417
47431
47432
47446
47446
47450
47452
47475
47480
47484
47508
47512
47512
47525
47529
47545
47565
47588
47595
47595
47596
47598
47605
47606
47619
47627
47628
47661
47678
47686
47689
47723
47738
47744
47755
47760
47776
47777
47785
47799
47801
47801
47823
47836
47855
47868
47870
47874
47884
47886
47886
47896
47911
47915
47920
47922
47922
47939
47955
47968
47981
47985
47989
47997
47998
48000
48011
48026
48027
48055
48059
48063
48068
48069
48074
48077
48083
48085
48085
48088
48095
48109
48115
48116
48125
48139
48152
48158
48161
48178
48179
48214
48216
48218
48225
48229
48234
48245
48247
48274
48291
48298
48319
48321
48329
48356
48367
48370
48375
48376
48381
48383
48391
48392
48401
48407
48426
48427
48429
48449
48475
48481
48495
48519
48520
48525
48525
48537
48557
48560
48572
48584
48608
48615
48617
48641
48655
48663
48677
48681
48685
48686
48694
48723
48728
48731
48750
48763
48765
48770
48787
48811
48815
48831
48835
48847
48861
48891
48899
48927
48930
48934
48940
48940
48955
48957
48965
48966
48979
48983
48996
49007
49013
49021
49022
49044
49045
49049
49050
49054
49054
49060
49080
49083
49096
49116
49133
49141
49164
49184
49205
49214
49224
49239
49240
49251
49259
49269
49269
49299
49304
49341
49343
49343
49356
49366
49367
49372
49381
49398
49398
49398
49400
49405
49413
49419
49426
49427
49476
49479
49501
49503
49514
49523
49523
49526
49540
49545
49549
49552
49556
49570
49574
49574
49597
49610
49649
49650
49674
49688
49697
49699
49711
49721
49732
49740
49744
49755
49758
49789
49803
49811
49812
49813
49824
49854
49864
49866
49866
49879
49880
49880
49914
49933
49937
49944
49945
49946
49951
49953
49957
49986
49994
49995
49999
50002
50002
50018
50037
50043
50044
50046
50051
50093
50094
50133
50144
50152
50153
50154
50158
50158
50196
50203
50203
50204
50232
50256
50263
50266
50271
50282
50299
50315
50317
50321
50337
50355
50370
50377
50390
50407
50426
50444
50449
50451
50454
50455
50460
50462
50466
50468
50476
50496
50503
50537
50542
50550
50563
50566
50571
50577
50586
50601
50610
50612
50624
50625
50629
50641
50643
50645
50664
50671
50672
50693
50697
50704
50711
50717
50724
50739
50744
50747
50800
50803
50826
50835
50843
50871
50871
50885
50888
50896
50913
50924
50943
50962
50964
50965
50973
50984
50987
50989
50991
51045
51058
51060
51071
51072
51106
51109
51139
51181
51190
51193
51197
51208
51223
51233
51236
51248
51252
51258
51263
51267
51273
51301
51309
51316
51323
51326
51351
51360
51362
51369
51405
51410
51422
51424
51440
51442
51444
51456
51483
51492
51500
51503
51505
51508
51533
51545
51556
51557
51567
51596
51606
51608
51616
51633
51636
51650
51683
51686
51690
51700
51703
51719
51730
51740
51769
51789
51799
51806
51816
51821
51841
51853
51858
51860
51869
51882
51896
51899
51916
51922
51934
51938
51940
51942
51954
51966
51972
51974
51987
52002
52018
52023
52030
52069
52074
52076
52078
52078
52082
52084
52089
52094
52097
52105
52105
52114
52117
52120
52125
52132
52145
52149
52165
52172
52208
52211
52225
52229
52237
52238
52244
52256
52261
52268
52270
52281
52297
52309
52317
52341
52345
52349
52350
52358
52363
52383
52388
52395
52403
52404
52410
52438
52443
52450
52453
52454
52464
52466
52467
52478
52479
52482
52484
52494
52532
52565
52577
52590
52604
52604
52610
52611
52613
52615
52637
52640
52649
52651
52652
52676
52681
52684
52685
52701
52742
52745
52746
52751
52762
52770
52774
52778
52797
52805
52821
52831
52832
52836
52847
52850
52905
52909
52913
52919
52925
52932
52951
52968
52968
52974
52993
53007
53021
53031
53049
53052
53072
53077
53088
53089
53092
53108
53127
53129
53129
53140
53169
53184
53211
53211
53218
53224
53238
53243
53252
53261
53268
53286
53287
53297
53304
53308
53360
53361
53371
53377
53401
53405
53417
53427
53437
53448
53463
53467
53477
53492
53509
53535
53542
53542
53545
53546
53558
53559
53575
53576
53581
53585
53594
53599
53611
53611
53641
53642
53645
53663
53663
53675
53682
53691
53694
53695
53695
53709
53715
53717
53721
53749
53755
53760
53775
53777
53785
53798
53799
53811
53813
53817
53844
53852
53854
53858
53866
53867
53870
53876
53877
53881
53889
53895
53914
53922
53938
53963
53971
53972
53988
53994
53999
54004
54010
54010
54014
54036
54048
54054
54066
54066
54069
54072
54076
54085
54088
54094
54102
54109
54112
54135
54144
54152
54187
54191
54195
54214
54218
54223
54225
54226
54237
54268
54271
54310
54348
54353
54358
54361
54372
54376
54388
54400
54405
54411
54423
54428
54433
54437
54449
54453
54463
54473
54475
54491
54528
54529
54551
54593
54603
54609
54613
54624
54633
54649
54675
54688
54699
54703
54708
54713
54718
54719
54730
54744
54745
54748
54756
54774
54784
54792
54797
54810
54810
54825
54857
54885
54897
54898
54908
54916
54932
54935
54971
54991
55016
55034
55042
55053
55078
55090
55105
55118
55130
55130
55138
55147
55157
55164
55169
55186
55198
55199
55202
55219
55225
55227
55232
55254
55280
55287
55302
55308
55327
55333
55338
55342
55349
55357
55366
55373
55403
55422
55437
55448
55459
55474
55474
55475
55492
55494
55500
55514
55533
55557
55575
55576
55579
55590
55596
55601
55604
55605
55608
55625
55640
55704
55713
55716
55730
55740
55765
55766
55770
55774
55806
55811
55813
55834
55866
55892
55921
55923
55932
55932
55939
55945
55950
55951
55978
55982
55983
55985
55990
55997
56009
56010
56011
56011
56012
56024
56026
56049
56059
56061
56075
56087
56090
56107
56128
56129
56135
56147
56147
56175
56194
56209
56261
56270
56270
56277
56279
56325
56370
56375
56382
56388
56400
56418
56419
56420
56428
56433
56441
56446
56454
56456
56478
56493
56500
56509
56527
56529
56529
56531
56533
56538
56560
56579
56584
56605
56606
56612
56616
56619
56635
56650
56654
56679
56697
56707
56707
56723
56726
56738
56754
56759
56783
56787
56793
56816
56820
56827
56850
56852
56866
56869
56878
56881
56895
56897
56903
56907
56913
56925
56928
56939
56953
56955
56973
56980
56982
56983
56996
56998
57005
57030
57033
57035
57043
57059
57064
57072
57099
57100
57101
57102
57150
57157
57172
57190
57194
57200
57203
57204
57217
57218
57226
57230
57237
57249
57266
57284
57289
57305
57319
57323
57327
57341
57343
57357
57365
57370
57376
57401
57403
57426
57427
57434
57435
57455
57457
57477
57506
57506
57527
57529
57541
57547
57551
57556
57556
57571
57578
57579
57585
57589
57595
57609
57618
57629
57648
57652
57676
57680
57704
57718
57720
57720
57728
57740
57744
57765
57767
57768
57805
57807
57815
57822
57838
57846
57874
57890
57911
57936
57946
57968
57970
57990
57997
58009
58031
58036
58083
58098
58103
58131
58137
58141
58146
58147
58166
58166
58169
58201
58208
58211
58212
58216
58231
58232
58234
58238
58240
58241
58246
58260
58285
58286
58300
58305
58308
58335
58345
58354
58360
58366
58395
58397
58419
58431
58434
58446
58453
58493
58494
58494
58496
58513
58530
58533
58552
58561
58571
58595
58605
58614
58661
58694
58699
58709
58719
58724
58735
58744
58750
58752
58761
58797
58816
58830
58861
58865
58872
58874
58875
58877
58890
58892
58892
58904
58906
58909
58916
58921
58928
58952
59024
59032
59033
59045
59046
59058
59061
59063
59065
59075
59092
59107
59119
59122
59127
59132
59135
59172
59176
59177
59183
59186
59188
59220
59267
59281
59318
59333
59336
59370
59391
59396
59398
59428
59437
59440
59441
59442
59444
59456
59458
59461
59464
59465
59480
59495
59496
59510
59517
59537
59539
59551
59556
59559
59562
59572
59588
59599
59608
59616
59617
59626
59627
59634
59639
59640
59644
59650
59667
59687
59703
59715
59724
59724
59739
59747
59749
59765
59768
59784
59799
59802
59809
59813
59816
59844
59856
59857
59876
59911
59914
59915
59937
59937
59937
59945
59956
59962
59988
59996
60027
60028
60038
60066
60073
60081
60099
60121
60141
60145
60156
60160
60174
60186
60186
60191
60215
60225
60236
60264
60267
60276
60279
60301
60314
60315
60317
60324
60333
60337
60338
60356
60362
60365
60375
60380
60393
60397
60400
60403
60405
60420
60423
60426
60429
60438
60450
60466
60487
60492
60495
60511
60513
60519
60536
60543
60548
60556
60559
60567
60583
60613
60614
60628
60637
60643
60664
60671
60683
60685
60685
60694
60700
60701
60709
60719
60739
60764
60767
60767
60787
60796
60796
60825
60834
60846
60853
60855
60867
60871
60880
60884
60900
60903
60925
60944
60954
60962
60963
60967
60970
60973
61000
61001
61006
61007
61015
61020
61021
61023
61032
61042
61049
61065
61065
61081
61084
61101
61112
61115
61115
61121
61129
61131
61158
61172
61176
61198
61209
61210
61211
61214
61229
61262
61275
61286
61292
61321
61329
61345
61352
61359
61381
61389
61419
61421
61434
61437
61442
61445
61447
61461
61471
61483
61519
61521
61522
61540
61555
61560
61567
61571
61572
61573
61577
61585
61604
61615
61625
61633
61637
61645
61659
61665
61665
61667
61684
61695
61705
61708
61717
61721
61721
61728
61742
61745
61751
61769
61770
61771
61776
61809
61810
61810
61814
61824
61827
61829
61839
61852
61854
61870
61917
61921
61922
61930
61934
61937
61946
61946
61966
61970
61971
61983
61992
62001
62013
62023
62042
62048
62079
62106
62120
62155
62162
62166
62189
62198
62201
62204
62238
62243
62268
62280
62291
62304
62322
62342
62352
62354
62357
62398
62401
62437
62439
62446
62447
62453
62477
62482
62500
62502
62518
62523
62546
62557
62561
62570
62577
62586
62592
62594
62601
62605
62620
62620
62638
62642
62647
62656
62670
62678
62706
62713
62713
62720
62730
62731
62734
62751
62757
62763
62772
62773
62790
62809
62813
62821
62843
62849
62861
62865
62886
62910
62912
62918
62932
62947
62955
62969
62977
63011
63015
63016
63047
63100
63111
63111
63115
63124
63124
63127
63151
63155
63164
63169
63174
63185
63188
63213
63215
63217
63250
63251
63256
63262
63267
63269
63273
63304
63312
63319
63325
63344
63350
63358
63364
63370
63394
63396
63411
63411
63412
63420
63430
63447
63454
63465
63477
63484
63488
63489
63504
63521
63523
63526
63533
63542
63552
63555
63572
63580
63587
63617
63618
63627
63635
63669
63670
63673
63678
63705
63710
63713
63741
63743
63753
63756
63760
63762
63763
63787
63788
63791
63796
63801
63804
63817
63821
63821
63847
63873
63896
63904
63917
63933
63946
63958
63970
63996
63997
64016
64030
64032
64033
64037
64061
64061
64062
64069
64075
64079
64082
64091
64096
64141
64150
64188
64190
64195
64211
64214
64214
64220
64231
64233
64249
64260
64266
64268
64310
64340
64342
64348
64355
64366
64371
64390
64398
64403
64414
64421
64425
64438
64454
64456
64461
64469
64493
64504
64515
64518
64522
64528
64530
64538
64554
64558
64570
64576
64587
64597
64605
64613
64618
64628
64633
64639
64642
64644
64664
64669
64670
64671
64677
64691
64697
64714
64723
64727
64736
64759
64786
64793
64850
64862
64864
64865
64867
64877
64884
64888
64892
64922
64946
64995
65000
65011
65027
65046
65049
65063
65079
65079
65081
65088
65095
65112
65115
65116
65125
65145
65155
65189
65216
65254
65264
65276
65277
65294
65313
65313
65318
65325
65334
65340
65360
65362
65363
65372
65379
65385
65391
65393
65403
65406
65418
65434
65445
65449
65454
65462
65466
65471
65482
65483
65492
65507
65513
65523
65529
65531
65544
65555
65570
65578
65578
65588
65601
65607
65613
65616
65618
65623
65627
65635
65640
65641
65642
65645
65650
65656
65680
65683
65698
65728
65739
65742
65748
65759
65762
65787
65788
65806
65817
65822
65832
65843
65845
65852
65871
65899
65901
65920
65933
65940
65941
65954
65954
65968
65974
65977
65984
65987
65997
65997
66000
66007
66022
66028
66035
66052
66099
66107
66125
66132
66133
66134
66143
66154
66178
66192
66208
66213
66216
66219
66246
66253
66268
66272
66284
66286
66292
66311
66313
66320
66333
66342
66344
66351
66368
66373
66385
66392
66457
66459
66469
66474
66481
66497
66498
66500
66513
66521
66532
66534
66557
66579
66584
66584
66603
66635
66639
66655
66657
66659
66664
66666
66675
66686
66700
66702
66703
66706
66735
66744
66752
66775
66778
66787
66798
66801
66807
66822
66854
66869
66878
66898
66906
66907
66929
66931
66932
66938
66938
66956
66983
66996
67003
67029
67070
67076
67083
67093
67097
67097
67098
67106
67110
67110
67124
67134
67140
67140
67150
67154
67179
67196
67208
67209
67221
67244
67274
67307
67315
67321
67353
67361
67368
67376
67379
67385
67396
67414
67433
67435
67441
67443
67455
67460
67469
67476
67476
67480
67481
67484
67493
67494
67525
67533
67535
67555
67557
67576
67578
67579
67580
67607
67611
67627
67631
67638
67639
67683
67684
67685
67691
67725
67735
67735
67764
67790
67792
67807
67808
67824
67828
67831
67833
67838
67862
67862
67878
67882
67898
67901
67921
67921
67921
67946
67953
67966
67974
67985
67987
67993
68001
68002
68014
68020
68025
68028
68031
68034
68036
68048
68063
68101
68107
68121
68134
68142
68159
68164
68176
68203
68207
68222
68223
68224
68230
68233
68234
68247
68248
68252
68257
68304
68309
68313
68319
68323
68344
68352
68357
68377
68379
68388
68391
68402
68412
68428
68438
68440
68446
68450
68464
68507
68516
68525
68548
68553
68556
68574
68578
68580
68594
68597
68613
68614
68643
68649
68651
68656
68658
68664
68668
68675
68679
68707
68734
68757
68767
68768
68772
68780
68781
68788
68788
68795
68796
68806
68817
68818
68840
68852
68875
68883
68893
68895
68905
68908
68911
68921
68924
68936
68951
69043
69063
69063
69064
69069
69071
69080
69102
69126
69139
69141
69143
69158
69165
69172
69181
69183
69192
69195
69201
69213
69221
69232
69232
69239
69239
69239
69247
69256
69270
69290
69291
69296
69324
69342
69354
69373
69389
69396
69401
69407
69409
69409
69414
69434
69438
69440
69463
69471
69471
69472
69479
69480
69482
69501
69511
69513
69513
69552
69560
69573
69605
69607
69614
69615
69619
69647
69648
69657
69660
69688
69701
69710
69729
69730
69735
69738
69739
69741
69747
69763
69828
69829
69830
69831
69852
69866
69888
69903
69908
69909
69921
69922
69926
69935
69937
69940
69953
69989
70020
70030
70046
70060
70061
70095
70113
70116
70120
70125
70128
70129
70136
70146
70176
70187
70189
70193
70196
70199
70207
70220
70239
70265
70266
70273
70278
70289
70300
70322
70323
70345
70352
70364
70372
70373
70398
70410
70427
70430
70444
70460
70479
70480
70486
70497
70499
70508
70520
70533
70536
70539
70546
70558
70568
70590
70603
70622
70638
70639
70663
70664
70702
70713
70738
70740
70754
70767
70781
70782
70793
70805
70856
70865
70868
70874
70875
70884
70884
70899
70903
70920
70930
70932
70935
70949
70956
70962
70964
70972
71011
71013
71021
71021
71030
71041
71044
71068
71106
71107
71127
71156
71168
71200
71205
71207
71220
71223
71225
71234
71237
71242
71248
71266
71279
71279
71284
71297
71331
71342
71346
71347
71355
71359
71366
71370
71405
71410
71410
71411
71416
71422
71434
71445
71445
71453
71458
71460
71474
71480
71517
71524
71541
71548
71550
71563
71572
71574
71579
71585
71589
71600
71631
71633
71683
71727
71730
71748
71789
71815
71825
71826
71826
71828
71829
71837
71838
71839
71846
71864
71865
71877
71889
71896
71901
71906
71925
71925
71926
71932
71935
71961
71968
71988
71990
72025
72027
72031
72044
72045
72079
72081
72081
72082
72089
72093
72098
72106
72108
72109
72136
72146
72156
72171
72193
72204
72219
72245
72255
72264
72265
72269
72282
72286
72292
72323
72327
72330
72339
72343
72349
72358
72360
72361
72363
72366
72380
72381
72387
72395
72400
72437
72456
72462
72479
72479
72484
72487
72488
72492
72498
72498
72508
72515
72520
72523
72525
72526
72545
72548
72574
72585
72602
72611
72621
72626
72628
72638
72639
72642
72642
72655
72668
72672
72681
72686
72696
72698
72702
72707
72714
72715
72720
72724
72725
72727
72730
72731
72745
72745
72748
72763
72798
72801
72808
72813
72817
72827
72847
72861
72864
72895
72902
72906
72927
72958
72973
72974
72974
72979
72987
73001
73004
73009
73018
73029
73039
73046
73054
73056
73068
73100
73104
73115
73142
73153
73164
73177
73183
73204
73206
73235
73256
73273
73281
73281
73289
73317
73330
73333
73340
73347
73352
73352
73369
73370
73372
73379
73388
73392
73400
73422
73444
73444
73470
73479
73479
73482
73484
73493
73514
73528
73529
73557
73567
73578
73586
73589
73591
73597
73597
73615
73617
73625
73646
73650
73657
73674
73688
73690
73696
73705
73717
73728
73728
73752
73753
73759
73772
73775
73790
73791
73816
73822
73836
73836
73840
73857
73868
73876
73881
73884
73897
73914
73921
73926
73926
73927
73927
73947
73958
73968
73993
74004
74005
74022
74024
74026
74036
74046
74051
74067
74068
74072
74094
74100
74101
74118
74120
74124
74126
74130
74142
74173
74175
74182
74191
74201
74213
74234
74236
74252
74254
74279
74281
74298
74300
74304
74325
74330
74360
74361
74362
74367
74377
74390
74394
74403
74418
74448
74480
74495
74496
74498
74498
74518
74524
74526
74532
74535
74541
74543
74549
74554
74555
74556
74560
74574
74598
74604
74606
74606
74607
74613
74648
74650
74660
74660
74671
74674
74705
74719
74726
74740
74750
74754
74759
74771
74774
74789
74798
74800
74823
74824
74886
74911
74911
74929
74944
74947
74950
74959
74964
74966
74975
75001
75016
75023
75024
75032
75048
75065
75067
75074
75096
75101
75119
75127
75129
75132
75134
75160
75173
75183
75192
75193
75209
75212
75220
75226
75251
75266
75269
75275
75283
75283
75295
75298
75299
75307
75310
75315
75327
75329
75342
75347
75359
75378
75379
75381
75406
75424
75433
75438
75438
75463
75468
75469
75503
75510
75511
75513
75518
75518
75519
75546
75547
75550
75562
75571
75576
75577
75595
75614
75634
75651
75661
75668
75673
75675
75676
75680
75685
75694
75695
75704
75710
75718
75726
75732
75734
75742
75745
75745
75760
75764
75773
75773
75786
75792
75804
75811
75841
75850
75857
75871
75873
75876
75876
75882
75902
75934
75947
75950
75961
75982
76010
76019
76044
76056
76063
76086
76091
76092
76093
76111
76112
76115
76120
76146
76154
76178
76207
76234
76251
76270
76274
76284
76298
76307
76331
76358
76360
76361
76364
76365
76370
76373
76374
76379
76382
76387
76388
76389
76391
76395
76403
76438
76450
76461
76471
76480
76491
76496
76521
76522
76535
76539
76555
76572
76573
76577
76583
76594
76618
76623
76660
76674
76681
76688
76691
76710
76710
76748
76751
76761
76762
76762
76769
76777
76778
76819
76828
76838
76842
76843
76867
76877
76890
76892
76909
76910
76916
76921
76926
76930
76933
76953
76962
76965
76966
76968
76983
76992
77004
77007
77014
77016
77031
77033
77045
77046
77054
77059
77060
77075
77079
77102
77103
77114
77119
77124
77144
77145
77153
77155
77162
77165
77169
77170
77192
77192
77196
77217
77238
77240
77256
77267
77282
77284
77319
77319
77327
77341
77355
77358
77367
77371
77372
77378
77381
77384
77387
77405
77422
77429
77437
77445
77450
77452
77477
77479
77485
77492
77500
77507
77509
77515
77521
77551
77556
77562
77568
77578
77584
77594
77598
77600
77610
77624
77628
77659
77670
77709
77731
77735
77755
77757
77770
77781
77791
77822
77823
77827
77837
77843
77844
77852
77857
77859
77861
77862
77938
77965
77977
77978
77991
77997
78006
78010
78019
78027
78032
78035
78052
78059
78061
78062
78095
78097
78098
78120
78124
78125
78141
78147
78162
78162
78196
78202
78204
78207
78212
78213
78223
78235
78244
78309
78314
78318
78320
78322
78325
78331
78371
78378
78383
78389
78395
78408
78413
78418
78433
78433
78448
78464
78466
78467
78475
78479
78484
78496
78505
78506
78509
78516
78543
78547
78556
78573
78594
78596
78598
78599
78623
78627
78629
78647
78651
78675
78683
78703
78734
78736
78758
78783
78792
78792
78795
78806
78835
78840
78851
78876
78907
78910
78918
78919
78922
78932
78959
78974
78979
79020
79049
79058
79082
79082
79084
79090
79097
79118
79122
79132
79154
79165
79166
79168
79179
79182
79221
79225
79225
79250
79264
79273
79292
79295
79298
79324
79331
79332
79335
79346
79347
79348
79358
79359
79367
79378
79380
79389
79390
79392
79397
79435
79444
79447
79452
79460
79503
79519
79532
79549
79569
79571
79581
79591
79604
79620
79638
79663
79680
79692
79704
79718
79721
79746
79747
79769
79773
79777
79792
79796
79796
79809
79812
79820
79828
79833
79833
79833
79836
79852
79856
79873
79881
79888
79893
79894
79913
79917
79927
79938
79946
79948
79961
79967
79985
79993
79998
80029
80045
80052
80054
80059
80065
80085
80107
80126
80136
80137
80137
80138
80145
80154
80161
80171
80174
80183
80203
80204
80208
80228
80228
80256
80263
80270
80277
80281
80313
80334
80338
80368
80370
80389
80404
80410
80410
80428
80456
80456
80468
80483
80486
80492
80504
80506
80538
80539
80550
80583
80591
80597
80613
80621
80623
80625
80644
80650
80668
80676
80685
80685
80701
80710
80712
80741
80749
80754
80763
80788
80789
80797
80805
80810
80814
80826
80840
80844
80858
80866
80869
80883
80883
80888
80892
80896
80901
80926
80930
80931
80933
80935
80943
80945
80948
80965
80987
80988
80988
81012
81014
81019
81023
81045
81046
81067
81072
81076
81081
81096
81121
81132
81132
81133
81135
81136
81140
81147
81148
81152
81153
81156
81182
81194
81198
81223
81243
81256
81264
81270
81275
81276
81287
81288
81291
81301
81312
81320
81343
81362
81378
81384
81385
81390
81407
81417
81420
81445
81448
81448
81459
81478
81499
81503
81508
81520
81532
81535
81538
81563
81574
81586
81591
81601
81617
81619
81623
81638
81659
81682
81695
81730
81745
81749
81761
81764
81768
81770
81775
81790
81800
81803
81804
81866
81871
81886
81895
81921
81924
81941
81943
81945
81948
81948
81958
81962
82001
82005
82018
82019
82058
82078
82084
82088
82094
82101
82104
82113
82171
82184
82199
82213
82215
82218
82223
82254
82259
82266
82278
82282
82297
82317
82319
82319
82329
82332
82336
82348
82362
82406
82413
82425
82435
82436
82453
82456
82461
82461
82464
82471
82473
82491
82493
82502
82512
82524
82524
82532
82537
82546
82561
82567
82580
82591
82613
82617
82619
82630
82646
82651
82682
82694
82717
82718
82732
82742
82749
82766
82785
82788
82822
82824
82825
82841
82861
82864
82876
82878
82879
82881
82899
82914
82918
82931
82940
82959
82967
82977
82979
82995
83005
83013
83038
83039
83049
83051
83057
83061
83067
83071
83073
83074
83075
83078
83085
83108
83118
83129
83149
83157
83159
83164
83167
83184
83189
83213
83214
83215
83219
83220
83223
83223
83242
83275
83306
83327
83335
83342
83353
83357
83358
83374
83393
83419
83437
83475
83481
83502
83502
83502
83509
83513
83515
83522
83547
83560
83565
83580
83587
83590
83624
83624
83647
83656
83668
83693
83700
83710
83710
83712
83713
83716
83717
83726
83729
83730
83743
83769
83816
83819
83848
83872
83874
83904
83908
83924
83934
83959
83968
83971
83975
83978
83980
84002
84003
84008
84009
84012
84012
84019
84020
84038
84059
84062
84062
84063
84067
84069
84070
84078
84078
84101
84107
84121
84123
84123
84125
84132
84148
84158
84172
84174
84186
84189
84196
84206
84220
84220
84225
84229
84231
84241
84245
84249
84253
84254
84267
84307
84312
84317
84320
84347
84356
84362
84366
84368
84370
84394
84425
84449
84459
84480
84486
84498
84520
84534
84535
84543
84558
84590
84605
84606
84613
84638
84651
84655
84665
84668
84671
84673
84698
84729
84737
84744
84758
84762
84779
84781
84782
84790
84850
84853
84855
84897
84897
84922
84925
84939
84961
84972
84993
84994
85002
85015
85017
85029
85046
85050
85056
85056
85059
85061
85065
85075
85084
85106
85115
85119
85125
85126
85132
85135
85137
85160
85172
85174
85186
85197
85202
85205
85217
85246
85251
85265
85276
85278
85279
85299
85311
85311
85311
85322
85327
85327
85334
85348
85352
85353
85375
85398
85407
85418
85444
85447
85452
85474
85477
85479
85531
85543
85550
85554
85560
85573
85577
85583
85589
85596
85601
85604
85638
85638
85667
85677
85678
85700
85708
85719
85720
85759
85779
85784
85804
85810
85815
85816
85822
85836
85838
85844
85848
85875
85880
85881
85898
85900
85910
85930
85937
85937
85947
85959
85963
85975
85976
85991
85991
85997
85999
85999
86025
86038
86073
86076
86091
86127
86138
86143
86146
86149
86153
86179
86189
86204
86220
86235
86240
86247
86260
86264
86266
86272
86288
86289
86296
86301
86303
86308
86311
86316
86319
86320
86324
86336
86336
86340
86373
86382
86403
86445
86449
86457
86467
86481
86485
86486
86496
86502
86502
86521
86522
86530
86532
86539
86543
86548
86564
86567
86571
86578
86584
86586
86593
86596
86614
86615
86617
86633
86634
86648
86648
86652
86653
86656
86664
86665
86674
86688
86705
86706
86708
86712
86726
86739
86749
86751
86776
86777
86785
86790
86807
86809
86824
86824
86827
86836
86851
86856
86866
86892
86895
86899
86904
86912
86917
86920
86921
86940
86948
86990
87019
87032
87032
87043
87052
87057
87065
87069
87069
87081
87081
87083
87089
87092
87096
87105
87111
87118
87134
87151
87161
87163
87175
87191
87195
87200
87212
87214
87216
87231
87242
87245
87248
87251
87265
87274
87282
87285
87297
87299
87302
87328
87332
87358
87361
87383
87384
87407
87411
87413
87436
87449
87486
87511
87520
87523
87530
87545
87553
87570
87583
87606
87620
87621
87627
87631
87654
87657
87658
87659
87669
87703
87712
87716
87744
87749
87755
87756
87779
87781
87785
87792
87805
87806
87809
87810
87867
87875
87894
87895
87903
87904
87921
87951
87952
87974
87977
87996
88005
88019
88022
88042
88043
88082
88082
88088
88105
88114
88124
88135
88136
88140
88140
88145
88146
88150
88188
88220
88248
88265
88293
88298
88314
88321
88330
88333
88345
88350
88378
88379
88386
88400
88422
88427
88427
88434
88449
88461
88468
88469
88472
88477
88501
88506
88521
88537
88544
88544
88555
88559
88568
88569
88569
88570
88603
88633
88643
88660
88670
88678
88686
88688
88724
88736
88756
88765
88818
88844
88847
88869
88869
88870
88874
88885
88891
88928
88931
88940
88955
88962
88982
88984
88985
88986
88988
88993
89016
89016
89027
89034
89044
89049
89055
89057
89059
89064
89085
89090
89091
89094
89094
89097
89110
89116
89120
89126
89133
89165
89165
89173
89180
89188
89190
89190
89206
89211
89221
89264
89286
89288
89299
89302
89346
89358
89362
89368
89369
89382
89391
89394
89397
89407
89414
89417
89429
89456
89457
89460
89462
89463
89471
89473
89476
89479
89486
89513
89523
89524
89538
89540
89558
89607
89607
89611
89613
89622
89637
89643
89647
89667
89698
89702
89715
89715
89744
89756
89758
89759
89773
89779
89788
89790
89798
89800
89806
89826
89828
89831
89832
89833
89861
89873
89878
89892
89929
89942
89959
89963
89974
89987
89988
89999
90028
90032
90047
90062
90066
90072
90074
90077
90090
90093
90127
90130
90131
90132
90167
90184
90194
90196
90203
90214
90241
90262
90264
90266
90294
90297
90303
90325
90329
90336
90340
90346
90358
90363
90388
90390
90393
90407
90443
90468
90486
90493
90515
90516
90518
90533
90535
90555
90561
90575
90589
90600
90605
90623
90623
90638
90650
90657
90657
90659
90667
90673
90683
90691
90694
90713
90716
90724
90725
90732
90732
90733
90744
90768
90775
90776
90796
90799
90802
90803
90807
90809
90815
90816
90833
90836
90837
90840
90852
90856
90857
90866
90875
90880
90880
90888
90899
90901
90906
90921
90927
90931
90941
90953
90960
90967
90971
90995
90996
91002
91014
91021
91029
91061
91098
91106
91108
91111
91114
91116
91117
91130
91132
91144
91151
91178
91189
91194
91196
91219
91225
91238
91257
91267
91268
91270
91289
91295
91306
91313
91314
91314
91320
91322
91336
91338
91350
91362
91369
91369
91382
91383
91390
91411
91416
91418
91423
91428
91438
91443
91446
91453
91463
91476
91506
91508
91518
91518
91522
91532
91536
91541
91581
91582
91599
91601
91628
91642
91650
91658
91663
91669
91696
91698
91700
91724
91742
91767
91770
91772
91773
91777
91800
91813
91830
91834
91875
91895
91908
91909
91919
91925
91930
91934
91959
91964
91969
91979
91981
91981
91984
91999
92008
92012
92021
92026
92048
92079
92090
92110
92111
92113
92117
92127
92162
92168
92175
92220
92229
92241
92242
92243
92251
92258
92262
92265
92278
92286
92293
92319
92326
92331
92334
92337
92349
92383
92386
92402
92414
92422
92424
92430
92431
92433
92461
92465
92500
92504
92511
92513
92514
92517
92532
92532
92547
92557
92559
92585
92601
92610
92627
92633
92645
92667
92672
92682
92689
92700
92707
92707
92740
92750
92752
92760
92766
92802
92803
92804
92821
92825
92828
92837
92841
92864
92893
92911
92911
92915
92920
92928
92947
92955
92955
92958
92960
92962
92972
92980
92988
93016
93019
93019
93056
93068
93071
93072
93082
93083
93085
93093
93103
93115
93117
93118
93122
93131
93139
93143
93144
93155
93164
93168
93176
93190
93192
93199
93221
93231
93239
93251
93251
93257
93266
93282
93283
93292
93304
93321
93328
93359
93366
93378
93399
93400
93435
93436
93437
93450
93464
93466
93480
93493
93508
93508
93512
93528
93528
93540
93543
93547
93553
93553
93561
93609
93617
93622
93636
93640
93651
93656
93660
93670
93674
93675
93679
93714
93720
93758
93765
93782
93821
93836
93837
93848
93852
93898
93905
93923
93932
93968
93973
93978
93994
93996
94000
94003
94012
94023
94043
94045
94045
94046
94048
94099
94100
94103
94135
94169
94172
94172
94173
94176
94184
94195
94209
94228
94230
94244
94246
94249
94254
94264
94281
94285
94293
94294
94315
94327
94343
94347
94347
94358
94376
94383
94383
94391
94394
94397
94402
94403
94404
94415
94422
94425
94426
94439
94447
94452
94461
94463
94464
94475
94480
94504
94507
94516
94531
94567
94573
94578
94579
94613
94647
94649
94686
94692
94696
94704
94714
94721
94722
94746
94753
94757
94774
94784
94793
94797
94811
94820
94830
94831
94881
94882
94886
94889
94889
94898
94923
94932
94935
94940
94957
94979
94984
94988
95023
95039
95041
95066
95069
95085
95091
95094
95117
95118
95120
95141
95157
95158
95165
95169
95169
95170
95192
95193
95198
95199
95207
95212
95226
95230
95236
95240
95253
95256
95258
95265
95267
95278
95282
95289
95289
95298
95305
95308
95328
95344
95348
95356
95361
95377
95379
95389
95401
95413
95420
95422
95432
95444
95468
95471
95474
95500
95505
95507
95532
95535
95535
95556
95561
95567
95589
95640
95640
95657
95664
95666
95709
95714
95715
95718
95740
95774
95776
95783
95791
95803
95804
95818
95827
95851
95859
95877
95898
95900
95910
95912
95921
95934
95939
95961
95982
95983
96005
96006
96021
96036
96037
96042
96048
96053
96058
96066
96071
96086
96119
96154
96163
96171
96191
96193
96200
96219
96231
96233
96235
96257
96273
96274
96295
96296
96304
96311
96313
96313
96323
96324
96324
96341
96350
96360
96361
96368
96374
96397
96432
96446
96453
96457
96464
96475
96507
96515
96522
96523
96535
96542
96552
96559
96576
96584
96584
96606
96609
96629
96638
96644
96647
96662
96676
96690
96719
96725
96738
96769
96786
96805
96819
96819
96822
96841
96844
96845
96908
96910
96913
96916
96917
96917
96919
96920
96921
96925
96927
96943
96948
96953
96980
96993
96995
96996
97001
97007
97025
97042
97057
97082
97088
97093
97095
97105
97107
97117
97138
97140
97153
97160
97174
97176
97177
97179
97191
97200
97201
97205
97209
97219
97227
97248
97261
97291
97295
97298
97300
97319
97333
97338
97355
97403
97414
97416
97417
97418
97429
97436
97469
97475
97508
97539
97554
97559
97566
97583
97620
97622
97625
97635
97656
97684
97685
97686
97705
97711
97711
97736
97787
97791
97792
97820
97834
97834
97845
97848
97851
97853
97854
97856
97863
97863
97867
97888
97890
97895
97924
97930
97964
97990
98000
98010
98025
98026
98031
98049
98066
98072
98074
98077
98083
98084
98085
98088
98157
98170
98172
98179
98192
98197
98200
98218
98234
98248
98267
98310
98323
98351
98364
98391
98395
98406
98408
98436
98444
98459
98473
98478
98478
98486
98495
98499
98502
98508
98513
98514
98525
98543
98544
98549
98571
98577
98584
98587
98595
98600
98602
98609
98623
98641
98642
98648
98652
98663
98664
98669
98683
98687
98689
98692
98696
98699
98725
98728
98731
98731
98732
98734
98738
98747
98747
98755
98768
98781
98787
98789
98801
98805
98816
98818
98820
98829
98834
98834
98837
98837
98839
98846
98854
98862
98865
98872
98895
98903
98908
98931
98963
98965
98984
98995
98998
99008
99011
99045
99069
99102
99112
99132
99142
99143
99162
99172
99175
99192
99207
99233
99245
99255
99266
99280
99281
99314
99337
99371
99386
99390
99392
99395
99401
99415
99418
99437
99441
99460
99460
99463
99481
99488
99491
99492
99498
99541
99544
99547
99552
99568
99596
99618
99648
99650
99687
99692
99700
99710
99712
99714
99716
99719
99725
99727
99728
99748
99765
99774
99775
99777
99780
99787
99787
99794
99797
99803
99817
99820
99920
99928
99931
99948
99954
99955
99966
99974
99981
99992
99996
