15
15
29
30
46
49
51
53
64
86
90
106
126
127
146
157
182
192
193
195
202
228
230
231
234
235
241
249
253
259
270
279
308
323
326
331
335
343
344
347
361
362
375
378
383
385
388
389
403
407
413
442
449
450
472
476
482
491
519
531
549
552
552
566
569
582
587
590
610
613
656
667
669
672
686
697
707
709
709
718
722
731
733
735
735
738
746
752
760
766
771
772
775
790
793
800
819
834
850
854
866
873
875
902
918
940
943
945
948
958
959
969
986
990
996
1001
1004
1005
1007
1008
1020
1035
1046
1049
1051
1061
1076
1110
1116
1119
1121
1148
1151
1170
1190
1196
1220
1221
1221
1225
1233
1270
1282
1288
1289
1295
1296
1303
1312
1316
1318
1340
1342
1342
1342
1354
1369
1378
1399
1424
1437
1439
1450
1455
1472
1475
1476
1483
1486
1493
1500
1501
1521
1522
1533
1533
1558
1567
1570
1594
1616
1617
1618
1628
1631
1637
1638
1640
1654
1672
1680
1685
1697
1700
1708
1717
1740
1741
1753
1754
1755
1768
1786
1786
1800
1802
1815
1832
1846
1850
1850
1851
1854
1856
1866
1868
1877
1883
1884
1893
1899
1905
1932
1942
1948
1949
1950
1960
1977
1980
2008
2020
2022
2032
2041
2043
2045
2046
2052
2055
2058
2070
2093
2095
2117
2121
2124
2131
2137
2138
2140
2142
2144
2147
2152
2171
2173
2177
2178
2181
2198
2206
2225
2233
2238
2254
2267
2268
2274
2284
2294
2305
2318
2337
2348
2392
2403
2416
2446
2449
2465
2493
2502
2505
2508
2540
2561
2602
2610
2616
2621
2636
2639
2653
2657
2664
2676
2680
2695
2695
2697
2721
2725
2727
2734
2736
2740
2767
2768
2768
2775
2776
2831
2833
2841
2854
2858
2875
2887
2893
2898
2911
2935
2943
2943
2952
2962
2964
2969
2970
2972
2978
2984
2984
2985
3024
3034
3049
3054
3058
3079
3094
3103
3108
3115
3143
3161
3166
3167
3172
3185
3208
3208
3215
3223
3226
3237
3238
3239
3245
3279
3282
3283
3285
3305
3316
3329
3332
3339
3346
3389
3406
3414
3428
3437
3472
3476
3483
3497
3511
3517
3526
3528
3543
3584
3584
3603
3606
3615
3617
3624
3633
3633
3644
3669
3680
3680
3682
3690
3691
3694
3703
3704
3709
3732
3737
3746
3747
3749
3772
3820
3826
3827
3842
3845
3857
3862
3863
3900
3902
3925
3935
3935
3953
3954
3957
3959
3968
3985
3986
3987
3988
4009
4011
4026
4039
4051
4052
4053
4101
4119
4123
4131
4136
4161
4172
4183
4190
4203
4228
4237
4252
4265
4265
4267
4283
4300
4321
4325
4353
4357
4379
4382
4388
4392
4397
4397
4441
4442
4455
4464
4486
4498
4505
4523
4525
4532
4550
4550
4576
4611
4624
4626
4635
4638
4652
4654
4654
4675
4676
4677
4693
4696
4714
4723
4725
4728
4730
4762
4790
4804
4807
4808
4811
4837
4853
4854
4857
4868
4874
4884
4886
4892
4894
4896
4907
4909
4910
4930
4935
4936
4951
4952
4965
4965
4969
4982
4989
4991
4997
4999
5005
5018
5031
5033
5036
5041
5055
5069
5075
5097
5106
5108
5112
5120
5156
5162
5163
5167
5191
5192
5202
5216
5217
5217
5225
5231
5234
5264
5279
5299
5306
5312
5343
5359
5367
5379
5405
5412
5441
5445
5486
5487
5489
5497
5501
5508
5517
5532
5541
5546
5565
5581
5585
5592
5593
5601
5607
5613
5615
5620
5622
5628
5644
5644
5648
5658
5697
5713
5718
5725
5732
5735
5740
5751
5754
5755
5763
5763
5766
5790
5806
5808
5815
5817
5831
5852
5863
5871
5872
5876
5900
5909
5910
5940
5949
5950
5974
5993
5997
6002
6011
6015
6016
6024
6035
6048
6076
6088
6111
6114
6144
6154
6188
6233
6292
6313
6336
6349
6353
6357
6363
6364
6364
6385
6392
6394
6395
6405
6410
6416
6420
6421
6426
6439
6461
6461
6479
6488
6489
6489
6520
6529
6549
6573
6590
6599
6605
6617
6622
6636
6649
6660
6666
6671
6694
6702
6719
6733
6736
6744
6744
6752
6778
6792
6793
6793
6796
6812
6812
6826
6841
6857
6865
6877
6929
6944
6957
6961
6983
7012
7024
7032
7044
7044
7064
7065
7070
7075
7080
7084
7096
7096
7110
7123
7129
7132
7145
7162
7181
7210
7214
7217
7223
7227
7231
7238
7255
7261
7262
7274
7278
7285
7296
7296
7305
7313
7314
7318
7325
7333
7338
7340
7344
7345
7354
7366
7372
7376
7395
7414
7429
7433
7486
7491
7497
7501
7507
7524
7527
7541
7554
7561
7561
7565
7565
7574
7574
7575
7576
7578
7581
7588
7589
7592
7595
7600
7613
7626
7633
7636
7655
7685
7685
7707
7711
7730
7742
7745
7775
7776
7785
7788
7792
7798
7804
7824
7842
7845
7846
7863
7875
7876
7887
7898
7901
7915
7951
7954
7969
7969
7970
7991
7998
8004
8009
8022
8033
8042
8043
8056
8072
8075
8079
8088
8089
8091
8098
8101
8103
8113
8141
8152
8152
8157
8171
8173
8185
8193
8197
8216
8248
8272
8303
8312
8316
8317
8330
8347
8362
8364
8369
8372
8386
8396
8403
8411
8447
8456
8457
8458
8468
8471
8483
8490
8493
8501
8503
8509
8537
8539
8540
8540
8546
8547
8556
8563
8569
8574
8601
8616
8623
8632
8640
8647
8647
8654
8658
8666
8688
8694
8701
8751
8766
8793
8797
8800
8807
8816
8828
8829
8845
8846
8851
8866
8902
8906
8909
8910
8913
8925
8940
8948
8959
8973
8975
8979
8988
8991
8993
9008
9041
9046
9053
9077
9084
9090
9101
9114
9145
9146
9147
9153
9162
9170
9174
9178
9189
9211
9215
9216
9232
9232
9236
9241
9253
9258
9263
9266
9294
9311
9345
9351
9369
9381
9383
9406
9419
9428
9434
9440
9480
9485
9496
9500
9516
9522
9532
9534
9536
9561
9575
9575
9585
9586
9590
9591
9619
9627
9629
9641
9641
9648
9681
9689
9713
9714
9724
9726
9727
9741
9745
9747
9755
9766
9767
9768
9769
9779
9788
9796
9803
9806
9808
9811
9815
9834
9857
9861
9875
9887
9893
9893
9898
9923
9950
9961
9963
9970
9995
9996
10003
10010
10022
10032
10055
10059
10073
10083
10091
10099
10100
10104
10105
10123
10125
10126
10133
10134
10140
10142
10160
10167
10193
10203
10231
10265
10291
10293
10297
10345
10351
10366
10367
10367
10381
10382
10389
10408
10410
10411
10415
10417
10418
10436
10439
10445
10453
10461
10462
10465
10484
10494
10499
10506
10509
10533
10551
10591
10596
10603
10605
10606
10611
10616
10626
10626
10641
10673
10675
10685
10702
10712
10727
10743
10747
10755
10758
10760
10762
10778
10786
10793
10813
10816
10818
10847
10855
10865
10898
10921
10924
10925
10927
10944
10945
10955
10972
10977
11014
11016
11016
11029
11041
11045
11055
11062
11094
11096
11098
11099
11132
11144
11160
11172
11185
11187
11208
11213
11215
11230
11233
11234
11248
11255
11268
11282
11293
11294
11298
11300
11312
11314
11322
11323
11334
11335
11337
11339
11341
11347
11350
11351
11355
11363
11370
11384
11391
11402
11411
11413
11438
11441
11448
11455
11457
11468
11472
11473
11493
11501
11502
11512
11533
11544
11573
11577
11585
11585
11591
11602
11606
11610
11612
11616
11620
11629
11643
11654
11657
11673
11691
11699
11700
11701
11728
11745
11749
11762
11792
11801
11813
11814
11824
11827
11844
11860
11877
11884
11887
11891
11898
11900
11908
11908
11909
11920
11922
11939
11945
11947
11955
11992
11994
12002
12022
12060
12078
12080
12115
12126
12128
12134
12136
12138
12175
12179
12186
12223
12244
12269
12270
12279
12279
12289
12289
12308
12327
12328
12329
12334
12338
12339
12345
12350
12352
12357
12359
12366
12368
12376
12380
12384
12385
12412
12413
12414
12419
12422
12432
12464
12492
12493
12495
12509
12514
12518
12542
12557
12568
12573
12581
12593
12594
12596
12597
12611
12630
12643
12657
12681
12699
12717
12718
12720
12726
12727
12729
12730
12741
12749
12764
12776
12791
12792
12806
12817
12825
12827
12832
12840
12850
12863
12868
12873
12875
12886
12927
12945
12958
12968
12993
12995
13012
13024
13026
13040
13051
13052
13056
13058
13065
13084
13084
13088
13092
13110
13118
13124
13124
13133
13138
13148
13160
13165
13172
13187
13209
13218
13225
13243
13244
13248
13250
13256
13298
13299
13303
13334
13360
13362
13364
13382
13404
13409
13421
13422
13432
13440
13444
13456
13459
13461
13461
13467
13488
13492
13531
13537
13539
13540
13543
13545
13565
13574
13591
13598
13608
13623
13635
13642
13650
13671
13681
13682
13713
13718
13732
13748
13757
13765
13782
13817
13836
13844
13844
13881
13882
13883
13888
13889
13917
13929
13938
13938
13944
13947
13967
13982
13982
13986
13993
13994
13995
14003
14014
14014
14016
14017
14026
14043
14057
14059
14090
14100
14137
14147
14150
14167
14169
14170
14171
14213
14217
14242
14257
14258
14264
14266
14273
14289
14296
14301
14303
14306
14322
14326
14329
14332
14341
14349
14357
14366
14369
14373
14375
14397
14402
14408
14420
14430
14441
14445
14452
14453
14492
14500
14534
14540
14556
14574
14580
14582
14589
14596
14597
14629
14663
14666
14697
14698
14716
14735
14749
14757
14762
14773
14774
14780
14796
14801
14812
14839
14846
14856
14868
14873
14874
14877
14887
14902
14923
14936
14937
14963
14971
14982
14985
15024
15039
15048
15064
15069
15070
15088
15094
15103
15104
15108
15117
15130
15132
15144
15148
15150
15185
15186
15194
15207
15226
15229
15233
15241
15242
15250
15263
15287
15288
15290
15306
15321
15326
15335
15337
15342
15344
15351
15355
15375
15376
15396
15396
15402
15414
15422
15422
15424
15426
15433
15470
15491
15491
15502
15505
15521
15535
15550
15553
15559
15565
15567
15568
15646
15671
15676
15692
15697
15700
15711
15720
15740
15755
15762
15768
15772
15811
15819
15824
15835
15835
15835
15836
15843
15848
15873
15873
15885
15889
15891
15894
15920
15928
15932
15938
15949
15963
15976
15983
15984
15989
16003
16029
16048
16049
16062
16076
16091
16093
16124
16135
16144
16151
16153
16165
16173
16174
16178
16182
16186
16193
16217
16229
16234
16243
16255
16265
16268
16275
16275
16279
16293
16319
16321
16326
16364
16369
16396
16398
16411
16413
16420
16428
16440
16468
16476
16486
16537
16537
16576
16577
16580
16588
16598
16603
16612
16615
16637
16639
16645
16647
16658
16659
16668
16671
16672
16680
16682
16688
16709
16710
16711
16712
16745
16746
16750
16762
16787
16807
16813
16824
16824
16825
16848
16851
16881
16885
16886
16901
16902
16906
16929
16941
16951
16972
16980
16983
17003
17005
17011
17019
17021
17042
17045
17051
17060
17064
17066
17090
17112
17113
17124
17132
17140
17181
17184
17186
17231
17277
17284
17288
17296
17304
17323
17334
17339
17350
17359
17360
17372
17373
17388
17392
17422
17433
17454
17465
17478
17485
17488
17501
17508
17521
17522
17523
17550
17597
17604
17604
17615
17641
17649
17652
17653
17654
17655
17681
17685
17686
17693
17698
17715
17726
17739
17746
17754
17760
17760
17763
17764
17777
17792
17798
17806
17810
17841
17853
17861
17872
17895
17928
17931
17932
17935
17938
17946
17946
17961
17975
17979
17985
18013
18014
18016
18018
18020
18025
18027
18048
18076
18100
18107
18109
18133
18133
18137
18145
18160
18162
18172
18186
18190
18193
18195
18205
18206
18206
18213
18213
18216
18225
18235
18245
18253
18254
18260
18264
18272
18288
18292
18296
18314
18329
18352
18352
18354
18365
18373
18385
18392
18394
18414
18440
18444
18485
18491
18497
18497
18518
18540
18543
18547
18551
18555
18566
18568
18579
18585
18591
18591
18596
18598
18608
18610
18613
18636
18639
18639
18643
18650
18651
18651
18663
18667
18669
18688
18701
18705
18742
18749
18753
18757
18765
18768
18772
18775
18775
18779
18811
18842
18847
18861
18878
18899
18902
18903
18910
18916
18918
18918
18931
18938
18938
18957
18985
18989
18994
18996
18997
19036
19041
19065
19069
19070
19080
19094
19134
19152
19170
19172
19179
19182
19192
19193
19205
19210
19219
19220
19229
19243
19246
19250
19251
19273
19275
19281
19290
19292
19295
19316
19318
19345
19346
19360
19361
19367
19377
19409
19439
19443
19457
19458
19461
19465
19484
19484
19491
19496
19503
19510
19523
19540
19540
19551
19561
19566
19568
19575
19587
19596
19602
19616
19622
19631
19634
19636
19661
19668
19676
19706
19722
19725
19760
19793
19804
19827
19852
19853
19854
19877
19880
19885
19924
19935
19952
19961
19969
19973
20001
20003
20010
20022
20027
20037
20038
20043
20048
20049
20079
20088
20091
20094
20098
20129
20135
20156
20157
20166
20183
20205
20211
20214
20232
20260
20279
20283
20294
20305
20307
20310
20331
20332
20340
20342
20358
20413
20417
20422
20424
20441
20446
20459
20460
20460
20493
20516
20557
20564
20564
20597
20631
20634
20644
20665
20678
20690
20717
20720
20727
20734
20753
20803
20806
20822
20822
20828
20838
20853
20869
20872
20886
20927
20930
20935
20948
20950
20968
20979
20984
20987
20989
20992
20993
20994
20995
20996
20998
21006
21026
21026
21027
21029
21035
21037
21042
21051
21058
21081
21084
21093
21093
21094
21096
21103
21111
21114
21115
21115
21115
21124
21126
21131
21135
21137
21147
21164
21170
21180
21187
21226
21307
21339
21346
21352
21360
21361
21365
21367
21369
21377
21378
21403
21407
21412
21419
21423
21438
21455
21456
21461
21488
21491
21499
21504
21507
21510
21515
21517
21522
21523
21547
21551
21567
21569
21573
21585
21603
21612
21613
21615
21618
21658
21660
21667
21668
21697
21707
21708
21713
21717
21724
21728
21728
21729
21735
21746
21761
21785
21786
21801
21823
21841
21846
21846
21861
21910
21915
21925
21932
21952
21982
21988
21995
21998
22027
22029
22035
22035
22079
22106
22107
22110
22131
22133
22160
22169
22180
22192
22207
22210
22220
22223
22225
22230
22231
22235
22241
22246
22258
22260
22270
22273
22274
22277
22279
22287
22288
22297
22299
22308
22320
22322
22330
22337
22343
22377
22380
22384
22390
22395
22396
22411
22440
22462
22465
22473
22484
22505
22506
22528
22530
22546
22560
22561
22566
22570
22584
22601
22623
22676
22691
22703
22708
22719
22745
22752
22754
22759
22795
22800
22802
22813
22823
22832
22835
22839
22856
22859
22868
22868
22877
22879
22924
22945
22949
22982
23000
23019
23021
23038
23057
23066
23087
23097
23102
23124
23128
23133
23146
23148
23152
23153
23165
23170
23180
23210
23223
23241
23249
23258
23267
23268
23276
23277
23277
23280
23312
23331
23335
23377
23379
23394
23400
23405
23408
23416
23426
23427
23427
23453
23456
23479
23480
23492
23495
23495
23500
23531
23541
23546
23558
23569
23582
23590
23597
23601
23602
23605
23619
23629
23635
23641
23651
23700
23700
23718
23731
23739
23747
23761
23792
23826
23827
23828
23829
23833
23840
23843
23852
23854
23861
23866
23871
23880
23880
23911
23949
23968
23991
24010
24024
24047
24057
24069
24076
24085
24097
24099
24102
24107
24127
24174
24174
24196
24196
24219
24239
24255
24257
24258
24266
24267
24267
24268
24273
24273
24278
24289
24299
24308
24321
24338
24344
24352
24357
24358
24361
24362
24370
24374
24380
24393
24398
24407
24416
24416
24426
24426
24432
24442
24476
24487
24489
24493
24507
24516
24517
24541
24546
24548
24551
24560
24579
24589
24602
24608
24622
24625
24639
24644
24646
24665
24675
24695
24702
24702
24706
24712
24724
24738
24740
24742
24759
24764
24769
24780
24793
24804
24810
24831
24838
24838
24840
24843
24863
24864
24871
24878
24895
24915
24915
24916
24950
24954
24959
24964
24967
24973
24985
25005
25030
25033
25042
25047
25055
25068
25088
25092
25098
25121
25129
25130
25140
25149
25166
25177
25183
25191
25193
25194
25261
25282
25290
25295
25344
25356
25358
25358
25358
25363
25375
25376
25379
25394
25396
25403
25411
25476
25476
25482
25499
25502
25506
25514
25529
25552
25573
25583
25585
25594
25604
25644
25654
25659
25698
25700
25703
25708
25714
25716
25743
25754
25755
25801
25804
25830
25863
25884
25886
25887
25887
25889
25897
25898
25899
25956
25959
25971
25975
25982
25997
26004
26007
26009
26046
26050
26057
26072
26076
26096
26105
26112
26122
26126
26135
26135
26137
26145
26170
26189
26217
26231
26232
26235
26255
26265
26289
26292
26295
26303
26315
26315
26316
26316
26318
26328
26337
26337
26349
26349
26360
26361
26362
26375
26378
26405
26414
26427
26434
26472
26480
26481
26484
26488
26493
26496
26497
26503
26504
26505
26523
26523
26523
26529
26533
26539
26571
26572
26585
26597
26622
26650
26663
26668
26674
26707
26708
26747
26755
26767
26771
26779
26789
26802
26825
26827
26839
26863
26872
26874
26877
26882
26899
26904
26904
26912
26950
27021
27039
27040
27050
27053
27063
27069
27079
27084
27092
27101
27105
27125
27139
27141
27152
27170
27197
27210
27217
27221
27225
27226
27236
27253
27270
27272
27279
27283
27284
27289
27290
27293
27300
27311
27326
27339
27343
27344
27350
27360
27367
27391
27411
27412
27413
27441
27446
27456
27465
27490
27533
27537
27570
27577
27625
27629
27641
27663
27666
27710
27725
27726
27732
27738
27740
27752
27762
27771
27789
27795
27815
27817
27818
27829
27842
27842
27847
27851
27851
27853
27859
27863
27871
27876
27885
27887
27901
27903
27910
27912
27917
27935
27946
27956
27963
27966
27987
28011
28014
28014
28033
28039
28052
28055
28068
28072
28077
28078
28080
28084
28089
28089
28090
28106
28109
28111
28112
28155
28158
28163
28165
28179
28180
28183
28210
28212
28221
28225
28238
28242
28242
28245
28258
28285
28296
28301
28338
28339
28343
28344
28350
28350
28356
28358
28358
28359
28364
28379
28395
28407
28440
28474
28474
28480
28490
28506
28542
28550
28587
28592
28608
28616
28621
28621
28626
28641
28654
28657
28688
28689
28698
28701
28712
28714
28745
28750
28753
28766
28785
28794
28803
28811
28817
28834
28853
28859
28876
28913
28919
28941
28949
28955
28956
28977
29019
29022
29024
29029
29031
29036
29044
29044
29051
29072
29078
29087
29088
29090
29105
29108
29131
29133
29140
29155
29156
29202
29212
29218
29238
29240
29241
29242
29247
29261
29264
29274
29304
29305
29308
29313
29343
29351
29352
29370
29399
29401
29413
29419
29446
29452
29457
29464
29477
29495
29499
29501
29509
29535
29543
29545
29567
29567
29571
29581
29589
29591
29592
29603
29607
29616
29619
29632
29633
29639
29662
29663
29670
29678
29681
29712
29712
29715
29716
29719
29730
29733
29763
29770
29784
29807
29814
29815
29819
29824
29824
29829
29849
29851
29867
29867
29902
29922
29923
29923
29930
29931
29948
29953
29958
29959
29971
29976
29978
29986
29993
30005
30010
30024
30026
30033
30051
30063
30070
30120
30127
30141
30148
30155
30164
30165
30170
30180
30181
30198
30215
30225
30227
30232
30256
30262
30271
30278
30284
30286
30290
30291
30300
30312
30319
30319
30333
30344
30344
30358
30367
30373
30376
30379
30385
30389
30397
30399
30412
30487
30487
30488
30502
30503
30505
30509
30510
30526
30528
30531
30539
30540
30544
30552
30601
30614
30615
30617
30634
30659
30661
30667
30680
30680
30692
30695
30698
30713
30714
30719
30720
30734
30746
30756
30803
30813
30822
30842
30849
30852
30881
30892
30932
30939
30949
30953
30969
30973
30976
30984
30985
30993
31024
31041
31046
31054
31067
31083
31090
31102
31124
31132
31133
31153
31178
31178
31190
31191
31217
31221
31235
31260
31283
31288
31301
31301
31305
31316
31319
31320
31349
31353
31367
31374
31384
31387
31404
31412
31421
31486
31510
31531
31545
31547
31554
31558
31576
31589
31599
31599
31602
31610
31619
31621
31625
31635
31645
31659
31665
31700
31709
31750
31765
31770
31772
31806
31807
31816
31821
31848
31848
31852
31855
31858
31863
31893
31905
31914
31915
31926
31927
31933
31959
31977
31991
31994
31998
32002
32010
32012
32019
32051
32065
32067
32072
32088
32092
32125
32128
32136
32143
32149
32155
32158
32167
32167
32183
32206
32210
32220
32235
32237
32242
32244
32260
32266
32291
32293
32306
32307
32309
32309
32314
32343
32352
32354
32356
32360
32366
32371
32377
32380
32382
32383
32387
32394
32396
32403
32433
32436
32437
32446
32446
32452
32456
32461
32478
32494
32503
32507
32510
32527
32548
32558
32606
32607
32621
32626
32626
32635
32641
32645
32657
32675
32675
32680
32697
32707
32725
32728
32737
32738
32749
32764
32778
32785
32806
32812
32818
32820
32831
32833
32859
32866
32867
32872
32896
32910
32919
32923
32929
32959
32967
32974
32986
32989
32994
33015
33031
33038
33055
33065
33070
33091
33123
33136
33141
33150
33169
33174
33180
33184
33229
33229
33229
33231
33232
33270
33277
33281
33298
33357
33365
33366
33373
33380
33388
33391
33400
33408
33415
33429
33440
33440
33453
33461
33499
33504
33518
33529
33532
33542
33557
33561
33563
33573
33574
33581
33584
33586
33587
33589
33591
33592
33610
33633
33648
33652
33676
33688
33690
33698
33705
33719
33730
33734
33747
33755
33757
33784
33786
33789
33794
33814
33818
33825
33828
33829
33830
33833
33843
33857
33868
33875
33892
33893
33895
33902
33903
33927
33937
33944
33959
33970
33974
33982
33985
34001
34025
34037
34037
34039
34084
34105
34105
34113
34116
34145
34146
34157
34161
34185
34190
34195
34197
34201
34225
34237
34252
34278
34287
34293
34315
34320
34331
34347
34358
34364
34365
34365
34375
34402
34404
34407
34410
34420
34426
34431
34436
34449
34451
34454
34471
34472
34473
34482
34483
34496
34509
34518
34523
34536
34536
34560
34569
34586
34626
34633
34635
34638
34662
34672
34674
34678
34683
34698
34714
34714
34723
34723
34724
34725
34728
34749
34760
34776
34786
34796
34810
34830
34836
34838
34839
34844
34846
34857
34876
34886
34889
34891
34900
34908
34909
34912
34921
34945
34952
34958
34968
34971
34972
34988
34990
35003
35015
35059
35059
35072
35074
35088
35106
35137
35141
35150
35161
35163
35169
35170
35180
35186
35199
35220
35222
35228
35230
35247
35266
35279
35292
35295
35306
35315
35353
35383
35400
35413
35425
35433
35438
35440
35444
35466
35470
35480
35485
35493
35503
35506
35527
35529
35557
35577
35578
35579
35592
35611
35619
35634
35635
35636
35640
35654
35673
35674
35674
35679
35688
35720
35731
35744
35745
35746
35749
35775
35791
35794
35800
35830
35840
35856
35859
35860
35865
35869
35876
35884
35903
35905
35911
35917
35938
35968
35975
35978
35979
35980
36001
36006
36016
36020
36021
36030
36031
36033
36034
36056
36056
36064
36066
36066
36078
36091
36096
36102
36143
36154
36159
36165
36169
36184
36186
36188
36191
36203
36212
36216
36219
36224
36228
36236
36247
36280
36281
36285
36301
36307
36312
36326
36329
36358
36363
36364
36371
36377
36377
36406
36424
36431
36445
36459
36473
36483
36500
36510
36527
36528
36528
36537
36546
36567
36584
36610
36622
36626
36656
36662
36671
36678
36681
36684
36692
36702
36704
36737
36744
36748
36758
36760
36761
36771
36783
36827
36849
36876
36880
36894
36906
36926
36943
36948
36952
36965
36968
36984
36987
37015
37016
37020
37026
37036
37039
37040
37040
37056
37060
37082
37083
37101
37103
37111
37111
37111
37114
37115
37116
37132
37134
37142
37143
37148
37202
37207
37207
37213
37222
37225
37231
37237
37246
37265
37285
37287
37309
37318
37326
37337
37339
37369
37413
37418
37424
37424
37424
37430
37438
37446
37458
37471
37482
37494
37506
37512
37527
37528
37567
37568
37592
37592
37598
37600
37608
37634
37656
37673
37682
37687
37695
37695
37722
37724
37728
37767
37771
37776
37792
37803
37816
37818
37823
37875
37878
37879
37882
37891
37905
37907
37951
37955
37966
37979
37986
38020
38022
38028
38038
38050
38055
38088
38107
38109
38113
38117
38143
38160
38165
38169
38171
38185
38190
38190
38192
38227
38242
38246
38252
38258
38259
38275
38323
38327
38330
38337
38340
38342
38366
38385
38394
38409
38425
38429
38430
38436
38460
38482
38483
38492
38493
38499
38511
38520
38524
38526
38536
38539
38543
38544
38555
38558
38561
38572
38630
38640
38643
38663
38663
38666
38674
38681
38686
38691
38701
38733
38739
38773
38777
38782
38792
38797
38810
38812
38840
38842
38843
38851
38872
38873
38886
38887
38889
38903
38905
38915
38916
38917
38922
38924
38940
38946
38947
38952
38953
38955
38972
38975
38981
38981
38986
39002
39003
39010
39011
39039
39043
39046
39074
39089
39092
39100
39111
39120
39151
39154
39160
39175
39179
39180
39184
39185
39203
39205
39210
39229
39237
39249
39266
39280
39281
39283
39348
39370
39374
39378
39389
39401
39420
39421
39422
39422
39423
39439
39439
39441
39445
39462
39467
39496
39508
39516
39524
39526
39529
39534
39540
39543
39550
39578
39581
39585
39597
39604
39613
39618
39639
39641
39645
39668
39686
39690
39696
39713
39737
39737
39739
39745
39774
39780
39789
39805
39854
39874
39883
39891
39892
39892
39894
39902
39903
39924
39952
39957
39959
39965
39965
39973
40025
40026
40027
40030
40045
40081
40099
40129
40136
40139
40139
40141
40150
40164
40164
40192
40193
40194
40197
40203
40209
40213
40223
40234
40237
40237
40245
40263
40267
40280
40284
40285
40297
40303
40306
40308
40332
40339
40339
40341
40352
40375
40376
40380
40386
40403
40405
40406
40420
40441
40458
40472
40478
40482
40486
40491
40499
40503
40510
40511
40524
40540
40545
40593
40612
40619
40620
40627
40640
40656
40662
40664
40675
40675
40701
40703
40708
40715
40715
40717
40717
40720
40732
40735
40760
40769
40792
40861
40862
40867
40869
40876
40906
40907
40916
40918
40920
40936
40941
40942
40949
40965
40992
40992
41013
41017
41031
41046
41047
41076
41083
41090
41109
41134
41157
41187
41211
41217
41225
41232
41243
41249
41264
41267
41273
41295
41297
41297
41306
41313
41315
41322
41347
41368
41374
41381
41384
41392
41405
41421
41439
41449
41467
41472
41479
41481
41486
41486
41497
41513
41536
41547
41566
41574
41592
41598
41605
41607
41629
41629
41636
41663
41665
41680
41681
41710
41721
41726
41735
41747
41753
41758
41795
41797
41813
41831
41844
41845
41862
41867
41890
41902
41904
41919
41929
41935
41938
41974
41974
41986
41994
41995
41996
42002
42018
42024
42025
42031
42048
42048
42052
42064
42065
42067
42070
42079
42079
42106
42108
42119
42137
42151
42153
42155
42162
42165
42188
42198
42209
42210
42226
42246
42252
42256
42257
42260
42263
42300
42300
42304
42364
42364
42381
42384
42390
42400
42402
42417
42418
42418
42438
42440
42467
42470
42495
42511
42516
42527
42535
42537
42540
42542
42551
42552
42555
42565
42575
42589
42614
42632
42632
42643
42646
42652
42654
42656
42672
42689
42715
42722
42729
42733
42735
42738
42743
42760
42763
42790
42790
42796
42820
42822
42848
42860
42881
42883
42894
42912
42913
42918
42959
42977
42981
42997
43009
43016
43034
43040
43063
43068
43087
43124
43125
43132
43134
43137
43138
43142
43167
43169
43184
43185
43190
43200
43220
43232
43234
43234
43254
43257
43273
43276
43279
43326
43327
43334
43357
43374
43382
43387
43405
43427
43456
43461
43466
43466
43480
43488
43502
43526
43553
43565
43567
43582
43595
43598
43606
43618
43623
43632
43642
43661
43662
43684
43685
43690
43701
43722
43734
43736
43741
43747
43758
43760
43768
43768
43770
43774
43795
43797
43806
43826
43844
43847
43861
43871
43871
43879
43895
43899
43909
43911
43919
43919
43950
43960
43963
43970
43976
43981
43983
43989
43989
43990
43991
43994
44003
44006
44028
44030
44061
44075
44076
44081
44082
44090
44091
44091
44109
44112
44128
44135
44136
44166
44176
44180
44193
44201
44203
44204
44204
44207
44216
44230
44240
44242
44245
44247
44248
44251
44263
44270
44277
44303
44303
44303
44315
44315
44321
44322
44327
44329
44336
44337
44339
44342
44361
44369
44374
44379
44382
44411
44425
44429
44435
44440
44442
44457
44472
44516
44540
44566
44607
44638
44657
44665
44688
44697
44697
44698
44698
44719
44730
44754
44757
44784
44785
44816
44821
44821
44844
44851
44857
44880
44888
44908
44919
44922
44965
44967
44990
44991
44992
45002
45015
45018
45020
45033
45037
45043
45046
45073
45076
45085
45103
45104
45114
45118
45132
45133
45135
45150
45186
45190
45196
45196
45200
45205
45231
45242
45250
45250
45268
45280
45281
45281
45285
45288
45303
45323
45332
45342
45346
45347
45368
45372
45386
45399
45403
45405
45433
45437
45439
45457
45464
45468
45474
45490
45496
45498
45527
45542
45549
45555
45555
45562
45569
45572
45574
45574
45585
45604
45626
45628
45639
45645
45646
45654
45669
45677
45701
45703
45705
45708
45714
45739
45745
45763
45769
45775
45783
45785
45786
45792
45810
45823
45839
45843
45848
45857
45879
45881
45896
45904
45912
45920
45925
45933
45941
45951
45960
45975
45993
45997
46000
46003
46004
46009
46010
46020
46022
46025
46026
46027
46031
46034
46035
46056
46060
46076
46089
46095
46097
46100
46109
46114
46123
46145
46152
46179
46181
46185
46188
46193
46199
46202
46211
46213
46236
46238
46258
46262
46269
46277
46284
46286
46287
46292
46311
46314
46321
46323
46325
46369
46374
46393
46394
46407
46418
46424
46431
46436
46468
46474
46488
46491
46504
46507
46517
46518
46524
46530
46561
46564
46565
46570
46581
46581
46585
46605
46618
46618
46628
46629
46630
46635
46637
46681
46689
46690
46690
46698
46710
46710
46711
46737
46743
46746
46751
46755
46793
46804
46809
46811
46813
46816
46837
46838
46854
46858
46864
46875
46875
46901
46909
46911
46913
46914
46923
46924
46933
46943
46949
46969
46974
46977
47005
47007
47013
47014
47026
47028
47044
47048
47091
47097
47105
47105
47119
47122
47129
47133
47138
47143
47155
47162
47163
47167
47188
47192
47194
47201
47204
47208
47226
47237
47265
47308
47312
47341
47355
47363
47366
47370
47371
47396
47399
47404
47406
47425
47477
47484
47506
47518
47523
47525
47542
47546
47554
47591
47601
47608
47629
47641
47651
47652
47665
47667
47674
47681
47692
47717
47737
47748
47754
47754
47773
47783
47820
47827
47830
47864
47866
47871
47891
47901
47901
47915
47917
47938
47950
47970
47974
47976
47986
47997
48009
48029
48031
48035
48039
48044
48047
48059
48066
48068
48083
48106
48108
48132
48141
48155
48163
48169
48185
48195
48203
48214
48217
48220
48231
48235
48248
48261
48290
48307
48345
48349
48378
48387
48394
48438
48447
48461
48463
48466
48498
48514
48526
48532
48558
48581
48590
48596
48634
48637
48654
48657
48658
48675
48682
48690
48692
48699
48728
48730
48774
48777
48779
48779
48810
48833
48865
48875
48894
48918
48935
48936
48943
48944
48947
48963
48964
48974
48984
49010
49021
49046
49076
49085
49094
49099
49105
49132
49132
49142
49148
49163
49165
49165
49171
49174
49176
49180
49181
49213
49255
49264
49267
49271
49276
49294
49306
49320
49330
49345
49395
49396
49413
49429
49442
49445
49451
49454
49463
49471
49473
49490
49492
49493
49517
49521
49529
49540
49550
49550
49551
49567
49571
49571
49580
49582
49590
49609
49622
49692
49693
49694
49712
49713
49719
49724
49748
49755
49770
49776
49785
49816
49828
49829
49831
49846
49858
49863
49881
49887
49897
49906
49909
49912
49913
49919
49932
49939
49940
49940
49942
49942
49944
49952
49953
49956
49985
49998
50000
