1052
7530
193
5554
1813
5199
5591
2351
6103
3036
5096
6767
8191
1825
1664
8000
7433
4821
3546
7058
9633
6662
8009
8738
8416
821
8814
6041
8227
6571
3440
4949
1561
5768
7552
94
6551
1642
5329
5480
616
3506
9931
4038
9750
9537
7052
5416
9142
1845
4529
1968
6199
1688
270
4250
7784
1576
985
6339
9215
2290
5024
5333
6094
1321
7233
8816
1844
36
4806
7460
5387
6201
9097
5913
160
34
4100
2763
7124
5540
2313
935
3686
5108
6536
9801
2557
1865
4320
687
9746
9745
3476
3157
8528
3677
6640
7395
3990
4168
1017
5018
1078
9560
1242
1814
3378
5410
3425
7951
5336
2544
1486
1003
2673
1429
691
8907
3040
5379
5427
2067
9354
1358
2566
3765
111
8250
9178
2159
8730
4381
3917
1836
6656
8916
206
635
5036
688
5341
8351
7217
3349
3070
8856
8339
2852
4973
456
2461
1659
2880
3860
8481
149
1331
5764
7844
595
6957
1766
5763
1187
3881
1046
1939
7730
2693
3507
8144
9096
3755
3235
6417
9992
9279
6067
1173
5518
707
7208
9609
7936
3318
4991
9253
4465
8985
6645
8667
8478
1447
6828
9674
2754
2038
4891
451
9472
9360
3959
681
9220
1831
3259
9282
6147
762
8926
4574
7868
8520
7408
168
249
3635
373
3908
8301
3842
2062
7014
6911
2526
1104
9031
9541
926
4200
4998
8871
6948
9403
8765
5592
5402
9487
2181
4054
5034
7874
6151
965
1506
4787
3740
7536
8207
2035
8304
7063
7843
5086
7692
2629
6547
8656
4621
1282
8518
9617
4222
3420
5531
1820
9863
2699
6428
1542
4332
41
5491
5376
7808
9396
3224
7741
1517
2075
3170
5269
632
5321
1888
4643
937
8978
5461
1798
9884
6992
2824
159
4520
6544
1992
7895
5468
3267
4132
8964
4213
8293
1651
2613
7734
4632
445
4640
2018
6797
153
7577
9481
4360
3115
8447
5549
2241
6616
7989
3692
7660
9127
9156
1458
6663
974
2729
9341
6884
6338
7113
5302
7735
2962
540
6655
1920
3313
1475
828
6981
8051
378
7832
3854
555
4555
3042
4897
1877
5829
106
8885
6364
9068
8037
7315
5691
259
1315
1702
6024
8031
8488
9061
1353
2146
6576
1665
5857
5551
9475
9346
8154
5139
533
3024
8275
6434
2697
1745
5344
2582
2348
5430
8346
107
5690
8350
6552
416
2608
4218
8069
2499
4441
9845
3350
4327
4730
4124
8062
8326
5740
1014
4255
9668
6862
5627
7885
1028
7668
1041
561
9527
7861
7564
5046
7640
8727
6848
2012
1232
8592
5203
4116
6157
3771
4306
5571
12
4689
6078
9157
4024
7974
7323
4852
5204
7884
8432
3831
8438
8855
1719
7379
2506
4509
4333
2815
7489
2268
9679
1327
9207
5646
1438
7767
1856
401
9814
8620
299
8313
8229
7491
9201
4391
3400
3731
8996
3102
6779
2278
9315
713
8771
2503
2892
7293
9108
8437
7579
6834
3299
4984
1478
4015
7253
8225
5941
8825
2535
4755
2537
1985
2283
9973
2806
1590
8936
3214
1461
9665
6697
7103
2174
9706
3286
3438
9741
9246
4515
5167
2800
5487
7508
3274
8695
7913
4762
3783
9147
1022
4514
5538
6983
4577
6666
4814
6822
1723
3481
5429
4341
1631
8831
9929
9451
505
79
7806
10
2986
5609
2721
4769
8563
2850
634
5469
7973
9204
4999
3261
7916
9924
1133
2973
4715
6413
1377
2051
1449
7008
601
9981
100
1773
6643
3623
3366
1799
2868
3057
43
6684
4721
2254
8476
4022
2846
8823
3066
1616
5876
236
1147
3953
2813
2222
20
5478
4550
6222
8793
2369
6728
7899
8321
8013
176
1465
2363
9038
7684
2138
2154
5284
4519
786
6247
1204
8137
3627
7026
1596
151
7399
7054
78
5345
1541
3647
7965
1910
1867
7468
6960
7540
3209
1961
7549
5804
5065
8545
1011
3580
9112
370
2158
8053
9625
9841
8
9661
4917
2939
4228
8194
9982
617
8434
7950
1795
4835
4922
480
4738
7618
2319
2215
3193
5276
5684
4310
6814
1243
5040
8838
8418
6726
9006
6036
547
4808
1141
2008
3108
8385
7409
9873
6700
2495
8578
6680
9104
6937
6238
9707
3486
7724
8230
3031
5765
8943
1199
7196
2356
6230
3371
6291
9921
6987
2583
2171
4461
1522
1303
7632
6473
3916
1580
2010
1279
2751
8101
612
5605
2968
3423
3796
3594
552
4853
8651
3348
8403
8127
5205
5492
8010
1114
4596
8794
581
1557
7952
6028
9393
6696
9431
5003
2655
3832
5792
5112
2873
7006
7837
8602
6982
4718
6813
5945
440
1536
6271
957
64
285
5449
5674
6321
4153
9526
5920
2344
585
2415
8384
8987
9751
7400
2654
7317
8886
4456
1870
8661
3281
803
4296
9881
7555
7740
5318
4445
5597
4582
3683
772
3404
1092
4584
3329
3177
6088
8152
5793
3873
9583
5128
8643
9303
5660
9891
9316
9946
3751
140
7329
4964
3326
7295
8601
8604
7585
8918
512
382
6099
6863
2500
8509
2
1802
5632
3898
6164
5594
8958
9800
1370
5428
1359
2040
8848
8933
5653
2352
7482
1121
32
5124
4711
6050
7889
6409
129
2814
450
6020
234
3271
6269
6133
4931
6208
9853
7426
3768
5928
8527
9590
1273
311
8343
9428
1443
8699
703
324
7148
7382
1507
541
543
7110
898
679
4023
7041
292
8328
1189
3697
7153
6369
5130
462
9507
7777
3853
290
1272
1790
591
3597
2690
4352
7853
3104
2233
2745
6310
2485
1235
5555
3055
3033
5679
4813
994
3028
3060
4629
6000
1565
6148
2374
5739
9991
8063
6215
186
6590
4126
7761
3969
4530
6594
7697
7011
1403
4589
278
6039
7330
6830
3208
4299
7028
7075
7704
5053
3293
597
3520
4603
7206
1964
2088
3929
3781
4048
4205
6876
8557
5088
241
7617
7626
7351
9335
4051
6935
7131
8618
1006
4474
4420
6307
584
246
240
8819
6035
8386
4905
8117
1318
6984
6527
6084
6453
2430
6909
1420
1886
9552
9071
3248
5576
7128
5126
3111
8524
980
8749
7688
4047
8852
3049
2226
9287
6567
6870
4961
2103
2634
2292
841
8056
5566
1336
2453
549
901
8980
1268
2694
2919
7093
5575
4732
1333
7064
7346
9763
7136
2594
6945
649
2515
9889
6431
6816
9409
1568
572
4977
386
9272
7505
7690
1082
4086
3310
3073
5717
6347
8266
2178
5451
82
4239
1990
4782
8930
784
418
9762
2422
5536
5188
8327
371
6270
8559
2472
7960
2653
1748
4563
6341
2794
951
1165
3585
4300
8072
8877
3967
7729
4528
7657
1539
4657
6952
5771
3184
8166
2109
8722
417
9148
1374
5583
3516
5373
7266
1408
9338
6195
8146
7898
1402
5484
4798
6926
7285
9348
4668
9728
7715
479
2316
7896
788
1037
1001
4698
4566
2971
2032
8999
53
1382
8735
162
9768
1095
5814
548
9835
8946
9581
15
7021
726
3650
8914
1227
2249
7438
8510
4027
7940
9692
7018
7725
1295
1396
9163
8315
4202
4777
5104
5078
8531
4837
4952
751
6846
4737
2861
1950
9401
5215
745
5142
5618
3780
5615
802
9064
4587
5399
1174
2295
7186
3472
8254
9365
9115
7012
7175
4562
4613
8197
2821
4254
4286
9381
80
5138
3189
6631
3834
4511
4424
7758
3540
4832
166
6731
6672
4641
4723
8094
2258
4161
1783
5490
2417
492
9392
2646
2915
142
4972
1640
6634
1764
1869
2238
6312
4448
3709
3583
5783
9235
8827
1934
6064
6401
725
9351
5784
1140
4281
6905
6073
3192
3063
5961
1146
6426
1159
2657
7869
9412
4618
4098
5335
7119
5775
7091
1779
5338
3701
258
2294
1
2208
3302
9214
5535
9183
3735
4799
1974
1906
6166
469
7191
9267
3230
2105
8728
877
7948
3017
9651
4257
3085
1601
3291
9962
6060
9375
7511
13
8004
9027
2600
1401
4702
6985
3161
3428
352
9997
6511
2391
8991
3812
2224
1090
5967
9500
3960
7750
4251
6476
3466
3728
90
4217
1112
9523
4696
6056
8390
7240
527
4859
728
663
3431
8616
2998
3914
5638
4267
1594
8505
1893
4667
8287
4258
412
5172
3198
192
282
7004
7259
6716
93
22
2104
1122
5539
1285
6799
5136
813
1963
7830
3397
6626
7788
1673
4384
1312
9715
7755
2221
9054
5150
6082
9561
5581
9847
3068
4915
645
5523
3630
7518
2493
9291
8397
7176
9444
3401
3294
7852
8338
170
3935
3514
7991
7496
9020
8299
6118
2785
8238
2885
9587
4631
8829
7428
3406
8060
4071
1876
5485
3225
4785
3773
8484
8973
7005
1805
7203
6358
6301
973
6432
9544
9285
7972
8653
9968
298
5117
2528
2597
3118
7643
233
3026
3634
399
4388
3021
9311
6268
7118
7053
3657
4527
5558
2423
239
9928
2448
7225
393
9265
6274
3723
2540
3997
7214
5746
1033
8035
1213
2603
1508
4357
9046
6806
1996
220
8706
8376
6980
5909
3160
3532
7902
7229
4623
4195
7649
1249
3991
8329
1737
6557
2945
5529
3511
3748
2034
1233
8690
5587
3879
8085
4860
3639
7068
9478
35
7670
9695
2371
7648
1436
2617
3815
5386
95
4634
2966
6438
6361
8277
59
2517
6468
3696
225
5790
8381
7347
4881
3675
223
7353
5190
7183
7092
2766
9008
27
714
2265
4318
3213
6591
3145
9019
6736
1444
7190
3000
4757
1157
9417
5426
4697
4149
1937
6378
2033
5927
1621
3710
3219
8931
421
3269
4319
6397
5337
5023
5012
3519
5625
3707
5645
5026
3099
3933
7013
9914
1394
1839
3373
2349
4679
8895
5637
4592
7281
2662
4942
5727
7161
116
9373
2851
9912
4742
255
7636
3093
6296
3510
9965
9567
3572
8457
7238
8084
354
2738
7941
7888
666
5145
5213
9990
9897
3579
530
4981
5361
620
4110
861
6197
2321
3499
870
3298
1106
4416
897
5647
9540
8081
3203
3989
2082
996
5354
6871
2743
8550
4691
8445
5493
4307
8589
6760
4875
6896
1487
8555
2871
611
3360
8817
5757
4009
2941
5870
2645
8090
1585
9787
9759
4843
8821
6880
3367
4370
1018
190
7791
8324
6047
8188
2220
4415
1049
9363
9372
6226
6108
3586
1304
4150
4770
9639
4925
5131
5894
1307
5343
3325
1741
3283
6304
8785
4470
7678
1497
9900
7466
8112
9953
8122
1848
4714
9979
3314
5273
852
4412
6603
8042
1071
6887
8129
9492
7140
1525
630
7476
1791
2746
998
8373
89
7799
7325
9143
2775
2822
8098
9168
9109
3885
5610
1203
6079
9170
5749
838
6900
2592
1864
9927
718
1707
6407
818
1063
6250
4074
8190
4407
3239
3786
3188
9299
431
4688
625
1792
5839
9722
1025
9247
2267
6081
8278
4064
1606
7138
7332
9021
509
3292
8171
3529
128
735
9584
7356
9337
9480
7220
2903
6461
651
9951
2425
6620
2687
9275
9122
8612
266
9399
8940
8529
4076
1730
5779
4830
3618
3759
9074
1151
6622
6954
5035
1854
6282
770
3988
4382
6991
3458
1171
7272
9524
676
1045
3413
47
9219
5900
783
8075
3844
7621
4597
7897
2768
8360
9705
1770
9870
2087
8121
2144
7045
7056
8420
511
8026
1624
3241
3289
3361
1630
4761
3126
8257
4656
9221
7484
808
8374
8746
212
5642
4913
1069
9886
6642
526
4093
2674
6283
709
4565
660
9245
232
5081
6775
7222
9404
2214
1129
1744
9713
3182
6240
430
1808
8424
2942
934
7654
8474
5877
105
7000
5672
9837
6037
8365
1267
7386
3965
7416
8552
5445
7282
8078
4018
655
5022
2835
4824
6518
7610
903
7780
7809
4409
1153
8788
302
4315
2652
1445
2723
3581
8790
2110
5214
5201
1491
6899
8453
8285
1019
4779
5762
3087
8295
8379
7374
6400
199
8399
2948
9090
5633
2457
1747
2487
4556
6001
4661
6165
4460
9666
2122
864
8598
4170
306
8302
4435
7341
4154
8900
9193
6548
4350
8421
5177
9682
67
3365
6858
8223
6943
7414
5482
6351
8409
700
8480
7038
1625
9471
5588
872
7718
9700
7204
8862
2094
7450
8233
3334
9721
2198
1510
2681
7831
6717
8587
5181
5083
2255
4635
1503
7731
4068
6815
6747
4526
2748
1689
5929
3468
3379
5091
188
238
6520
3479
2096
3939
8428
4523
6097
3840
1627
7813
5443
9903
6095
2026
3328
6027
4175
8905
4919
9871
8017
8526
8893
6379
3622
989
4497
2749
4198
5168
8116
374
8938
3846
1558
3185
3609
5423
5977
8842
3362
7472
947
6975
3878
795
7676
6180
6554
2740
9085
7783
2579
8177
5326
1863
7398
138
9557
1093
4184
1757
8923
9802
6255
2974
5119
4628
9866
6083
769
592
1765
6628
919
7348
4918
9742
2675
1531
1656
4648
1455
4595
3799
9696
3493
428
4079
2854
3892
2890
8558
6786
7880
4063
5250
2680
7488
1097
9203
2730
2206
2093
4930
2463
5859
8925
9501
4293
8534
1265
2162
1365
6368
496
2336
2329
988
2055
9248
2338
3542
3721
5720
1098
1415
6843
1914
196
1652
327
1498
9689
3869
6501
9850
859
4505
5715
6487
2420
5346
4390
2387
2071
3357
2167
1683
6322
6372
1348
3095
6223
178
9714
2474
5129
8211
5043
9579
1793
1552
8924
3071
732
7236
4058
1467
1577
6532
9430
8052
7284
3351
3504
774
9592
7174
6309
3009
5032
6605
2340
1021
8929
8781
5101
2918
9075
9102
9887
3149
4455
9442
2524
3763
2972
1086
8219
2112
1209
2519
8522
248
1609
9166
2628
5799
1378
3667
7998
7584
4410
4506
3843
9517
8048
8638
7246
424
4044
9669
7979
6831
5678
3870
3344
171
33
5643
7900
3950
361
181
4108
677
6587
3888
8209
6185
9289
2355
9688
7184
8442
6144
4179
9522
1589
5905
7369
7629
832
3052
4705
884
2656
3135
9718
8353
2152
7
1427
4476
8280
4812
4630
2943
5175
8671
6188
5009
8744
154
7529
9101
8579
1957
5494
2476
6463
3608
7871
8387
5795
6886
436
7494
4902
787
2780
4503
8851
9975
9069
3191
907
3195
7736
9200
2643
7795
7745
759
3588
8660
5921
4879
5005
3567
1935
9498
4568
6122
139
927
1972
9145
5287
2954
6089
7121
3746
5267
226
6275
87
7500
7719
1425
3217
3549
4185
3625
6704
9586
3757
1641
8345
8586
4107
5825
3392
1346
4437
2413
3061
7634
3475
9137
2509
911
1238
443
5305
9465
2300
9986
4867
2571
8600
2118
3237
8745
9785
2074
1678
7507
7968
2695
2211
1726
3883
1583
1149
9649
9983
7417
1158
8198
1704
6204
8479
1889
5244
437
7227
2382
1602
23
8808
3317
5865
3356
5661
5103
811
6272
1959
2209
9099
118
2764
4035
3619
8864
8605
9505
3561
5745
7839
7257
6421
5021
402
8554
4593
7679
528
8108
9960
2734
5852
6505
2857
9276
5667
3629
4987
7451
7255
1753
3278
4885
8041
6838
5116
5892
5027
7525
1055
267
6910
9167
2742
8034
6928
9211
406
600
1264
4817
5601
1523
4796
42
3688
5155
1054
1971
4544
7305
8456
7319
7723
3590
8665
7237
7360
5057
768
2488
5878
571
3633
2660
7242
1956
896
6525
2245
6798
5506
4549
6410
5616
7287
4463
9055
5931
1900
4893
4026
999
1752
3496
6577
1009
636
2604
5437
8448
3320
1708
6261
7392
264
3324
6132
629
6651
829
9716
8693
4886
4436
3700
2601
6152
7300
2747
993
172
9601
7737
9907
7937
6104
4389
2014
1411
3937
83
5063
7980
5359
2810
6598
1879
7439
5809
4772
8160
5241
6069
1053
8922
9182
7957
905
7754
1417
3524
3825
8798
7421
8784
8414
2437
5010
2334
2888
5041
4816
2565
1250
4840
2676
9568
8465
1571
9015
1276
7570
8486
447
5673
6443
8049
9795
8216
623
9875
1694
1882
4965
6475
9139
2569
4118
3127
8853
9740
4120
8503
2426
3584
2150
6902
5641
2864
310
3163
2124
8473
724
5460
1186
4201
8430
8200
5862
58
1299
5959
5011
3818
4504
7923
8858
8239
1712
4314
8030
2277
7105
3599
8629
5271
6359
317
9233
3090
2000
664
3186
3148
6102
9747
959
9288
4039
7603
7283
4106
2345
1926
6986
7306
8195
9255
1611
3819
5393
5495
2396
6493
1283
5082
4467
987
2357
2719
3970
476
906
7181
6075
467
5881
5688
7247
9236
1236
8244
5418
1351
7034
9050
6791
4276
1822
9548
9368
4477
6337
1941
794
8024
1405
9304
3673
6927
5226
2875
5076
2442
2342
3200
3940
3810
7108
5842
4960
3595
836
6193
2168
4599
6217
8739
7598
1569
329
4653
5289
3527
1750
1261
7970
6823
9939
3137
3069
5917
1516
3882
8180
2113
7639
6093
398
1360
6058
9124
2201
5548
7747
5815
9087
6324
1437
5450
3132
2360
9767
6607
7187
5846
8288
4325
7219
3339
6455
2375
950
1653
3032
5737
4573
7160
2140
1426
5530
6755
3770
494
7154
9994
577
3346
2641
3022
5895
8834
3591
235
5223
2622
4414
1051
1440
9225
7177
2666
4125
6433
175
3716
1647
5417
5363
1982
8002
8282
1599
8724
3084
6868
3626
9060
1513
1482
3899
7446
7365
765
568
3948
2264
7388
452
5080
1735
7169
6011
8317
7573
7706
5100
6800
5811
5060
7917
2325
4480
9154
9657
1553
8356
9638
9876
1456
8937
6913
4793
8691
4651
4907
9388
7406
6184
7710
7669
9851
2889
4279
2434
6632
8497
9159
7983
5606
4235
7609
6313
5738
3169
297
9603
7994
9574
3471
3533
6749
2052
5297
3105
2627
9952
5000
1062
2141
9755
6457
596
5769
8247
7955
9602
9836
2698
2614
5971
133
2559
194
3876
6959
2331
3982
9041
5453
578
9140
587
5446
7647
6137
1388
3871
5342
5817
8650
8628
8992
4654
1305
9999
5880
637
4062
6908
807
5099
5998
2428
3150
9521
9681
4892
4408
2683
7673
6530
7095
414
741
9437
7746
4601
5871
465
4045
5280
941
5563
7925
3015
1089
7707
9382
9580
9319
3384
5246
569
760
2914
6488
1835
942
7294
9786
8883
5888
5800
6895
3732
4485
7464
5607
1280
9748
1298
3756
5194
1356
4884
4646
1132
1862
6258
8519
8891
6999
8889
3101
3107
2801
1984
9930
9297
4426
7738
2725
5061
470
9913
1801
1669
5249
6528
2259
6734
1560
6964
2977
9042
873
2069
3849
8556
2028
4547
4874
7314
7524
1998
3027
1468
296
9262
4114
1776
3402
7587
8676
6388
8412
9397
9859
576
4122
9839
7742
9874
2077
379
1194
2078
4856
1806
6958
6070
3376
8804
9181
4457
4169
3088
8915
4536
383
2575
9605
7652
4650
6517
8140
9438
7275
1881
6194
2343
2114
3333
4240
5710
7560
1821
5650
8226
9467
174
8330
546
8630
557
5636
7405
4219
4084
9266
243
4662
5598
9616
8440
6939
8491
3387
253
1733
5708
3006
8175
622
6689
2266
4451
4985
6411
2898
1674
2790
8880
4043
8759
1851
5225
2685
4243
3144
335
4431
1789
6649
9286
7856
247
9259
5372
4766
6245
485
4034
8150
2636
209
8482
9961
3972
6826
8865
6573
5132
6570
3300
9473
4322
8815
2944
9673
6730
7539
940
6130
694
6384
2550
1700
3897
9328
2227
5293
6623
6708
8787
4822
5676
717
8836
2366
6648
481
1115
8687
5505
5458
4950
1421
1903
5734
4901
4354
6318
6610
7882
4652
1550
7147
3341
9013
8283
6849
3714
2446
8131
9482
9150
1016
468
5111
4876
1829
5863
4710
3222
5840
5169
4490
4145
2231
5388
4377
5187
6336
9135
9545
9899
2934
9188
2716
5149
1749
9405
834
3140
6556
1255
5577
1150
3377
6555
9497
3944
1042
1479
7848
1253
4700
856
6989
8840
2197
2932
6127
3151
4946
1386
4246
7822
9980
7459
6873
6500
1161
6371
4501
8151
800
3098
1493
6
7109
180
6588
7066
2807
8593
9627
4423
4396
5242
7419
9906
7495
5448
5628
4803
5465
9562
7992
4663
7802
7876
2076
7117
6244
9176
593
4535
4197
9158
497
6172
5731
4301
1008
8281
8847
8977
6665
6762
6820
5467
6196
8734
642
9925
2041
6305
5976
912
7471
1338
6010
4265
7834
4419
4883
6044
733
4379
9402
1404
7667
2848
8675
6677
5985
46
177
4810
8452
9757
9222
9332
3490
3502
796
7922
2218
1966
8801
4552
5375
7559
6189
6061
6940
6968
268
8284
1677
8105
4831
9132
7890
9110
594
3624
5797
9283
9600
9107
256
1228
9819
8444
3920
9179
1545
9531
1598
8077
8619
147
3656
381
5403
6206
4801
9398
7700
4049
7270
3223
1527
7627
5813
1804
1489
3409
6538
5481
2137
2711
4211
3655
1907
4522
779
7263
4825
4162
8103
7501
8707
3909
9350
1938
7032
5758
1108
9422
6212
2115
4605
5398
984
4406
1582
814
9659
5970
6714
1635
1584
6639
1644
504
9788
8391
3687
8632
3648
3421
9817
2938
7622
5133
6267
6486
2623
9916
3927
3828
6350
1102
4909
6990
6889
9017
5756
9414
963
5966
6601
2862
338
2936
367
1547
2878
5832
2576
6467
4070
493
8633
4342
1068
2327
3857
7997
3821
4644
2705
9441
7958
4042
2131
3901
8214
9549
3046
1450
5093
949
3497
4780
1262
8869
9645
3336
2778
9325
3002
9694
5185
1787
2455
3457
5498
5611
4600
3053
6485
2891
4088
2837
5934
1113
824
9218
3541
5017
4328
6804
5033
6260
1047
1105
5968
5565
7930
8071
478
3168
5572
7509
1646
8652
8697
723
8272
6076
6543
8709
1329
8523
1976
1309
7363
4249
4112
4502
9698
8965
9281
3312
11
6583
3565
618
7149
5278
995
6123
5221
1551
6847
4545
9988
6006
7474
8107
982
1878
1428
1035
5915
8186
4937
4979
4361
5301
3394
5726
276
7429
2163
4368
7593
6515
6480
9846
1850
377
9618
1736
2301
4866
1756
2933
3859
197
3253
2777
4894
3309
5935
1528
388
1530
6063
6890
8123
1462
8021
7083
7311
5045
3966
6699
4272
7504
4430
230
8355
5994
2573
9133
4534
2542
3451
6169
4259
3665
6210
6506
1902
6049
1755
6302
2156
9888
2411
8159
6205
7582
8921
8241
5831
8648
8983
97
3282
4778
7146
3332
7456
1155
2996
4997
1874
9701
8263
2874
3445
7650
2826
5174
1301
2248
7336
5432
9573
8515
8928
5239
5352
3923
3221
1945
6793
2098
2216
263
4908
4583
4226
5557
5517
550
3522
3081
8489
8422
9852
4676
6459
9987
1679
1727
1818
8455
7568
650
3784
4378
62
619
6844
1917
1446
8843
5210
4271
6286
3974
6265
9171
9963
3979
7244
5229
8588
2149
4533
3994
8057
6973
73
8015
7372
3563
5457
4655
5630
6042
1448
2304
2991
3864
3996
8603
9424
8844
835
1434
318
7015
7479
3729
668
3020
1901
1144
4828
4996
6256
5476
7463
5821
7139
553
40
9958
454
9408
7935
7297
7714
1693
7879
849
5743
3566
7515
3136
5140
7081
9726
8096
6221
5462
3463
1604
3352
8754
3172
8639
8910
7065
1410
4359
3156
8680
8837
9558
797
5556
5
3906
2414
5955
3123
2175
8001
2011
5202
9322
5777
2385
136
6918
8674
7241
2797
6450
5085
3113
9908
8289
6003
9648
141
5314
150
2478
5656
4085
6142
7857
9950
7620
5353
6970
9555
2920
8577
4483
2306
4580
9636
9036
8055
8590
5029
9342
6086
9059
2523
7454
2901
8948
8087
6232
6002
5374
5939
2353
3865
8894
488
8134
5067
6922
4137
4020
6763
5922
8111
5389
9205
7726
1846
389
646
943
4453
115
5697
2717
6669
8669
8596
3934
9210
5406
2466
1894
8833
4002
2586
7523
3335
384
8208
1372
4225
6596
5420
743
3792
8942
4882
3464
3178
2037
6017
1376
9323
8312
913
1357
6163
8979
9175
6768
6460
426
7959
1662
2491
7094
8970
7656
4337
6464
8684
7458
1286
1080
7664
7543
1838
5077
6492
8878
6879
8429
2838
2710
5351
5186
1904
3915
3372
8228
7060
8064
4923
1690
3998
8888
179
8341
990
6629
7971
6373
2811
8436
8120
6546
6564
1887
7193
350
5094
6961
5050
9423
7189
3545
685
405
848
7999
513
9126
4726
4524
4706
2169
5141
5810
6014
1257
6377
8119
8562
5014
8533
7268
1185
2047
1608
9016
2532
6703
2432
6795
7123
3128
9254
2481
1784
6638
7096
7721
4670
3753
8495
9146
7477
1126
1610
4724
442
4958
1466
6018
7350
7920
9390
1079
3891
5315
1387
2155
6539
6604
2312
4815
792
2630
5310
7811
2183
8032
119
6393
279
2796
1826
6059
6827
4146
9971
9022
6962
1923
8359
5879
6026
8614
8218
2053
9589
5733
8962
5621
8234
9829
7364
4227
9865
5095
3277
9594
2786
7522
4986
8124
9861
8269
1474
3035
5996
3353
5751
3266
5171
7514
7666
8642
8766
254
3174
3252
8574
1861
1481
7804
6497
1163
6442
820
1416
2860
6375
7078
2097
5794
4978
3288
5058
2917
4099
4748
1566
9736
4693
8217
9761
3375
1423
8472
3276
5047
8508
337
5930
7711
6367
2908
5134
9563
3076
3530
2640
4340
1208
3993
5384
6066
9025
1210
7308
3930
5486
9595
840
2373
9878
9093
9162
8468
8701
6391
4358
6276
5682
6751
75
2133
1667
7638
2148
1524
9831
2916
1471
3727
473
6892
1007
5541
2261
2337
146
8370
3388
8881
7849
6227
9792
7550
9628
2164
2621
5754
441
9004
2504
5713
4065
3242
3947
7749
9815
7753
7159
5356
5052
1100
487
66
3900
7142
6009
8036
3570
9778
4686
6326
9879
2480
3216
4823
1759
460
2798
9450
5054
7171
1107
2921
5367
9805
4297
2714
899
3733
6715
1564
8769
6080
7112
5562
1256
5924
7558
8621
3652
6901
2953
9462
4056
9704
70
7803
7481
2027
9306
4335
7893
3531
6218
1701
7137
4229
7269
453
3295
4911
1488
420
3722
6998
4010
6575
213
1393
9676
6920
5940
7816
8130
3247
5619
8139
970
314
644
574
966
851
7908
2765
670
8748
9938
8919
8252
7235
5816
8802
7402
8309
5323
495
8425
9151
6237
3534
4709
6091
6141
2195
5118
3761
7321
2459
2293
7906
5695
1145
4363
2855
4789
4673
8846
9989
6136
2990
6425
6325
1064
5963
2724
5596
3734
8732
2677
2975
3797
4429
2403
6323
2701
3454
5234
7435
4001
8290
3805
3945
5634
895
3483
6580
5090
2842
4734
8340
6513
4344
1526
7358
2976
164
7928
101
3905
1048
4142
5441
1070
8824
5614
3836
9825
5193
5265
3711
4008
6412
6370
49
3419
8617
3978
2405
1946
1180
4482
6424
6320
6709
3779
4119
7033
3016
758
9352
6706
6931
2930
5127
1884
183
9770
7744
8086
5192
9439
283
6624
9996
9511
5162
4274
3752
2876
3285
3106
6769
705
7150
5820
3416
4669
1088
9333
4266
842
9072
3640
5180
2591
3525
9307
9244
6385
5087
7836
9331
9506
2665
6589
9797
946
6262
748
4864
9978
8033
4081
4173
7151
7547
2045
2237
6635
9624
1494
1947
7557
3649
4944
5288
2477
9948
704
2135
8800
4163
8927
8835
2262
9782
4338
5747
5222
5694
5153
9547
5459
8672
7164
2659
9358
3303
2092
8097
3592
2744
5952
218
3702
9317
9391
8441
5798
9010
5425
6374
1948
6243
3176
1343
5866
3204
8778
9754
6707
2468
1832
9070
1567
4540
1259
6462
4324
2799
3014
633
3600
9191
1148
2341
9737
6140
224
9089
7878
9969
1849
2070
8401
6732
5882
5272
8882
2570
155
6496
1905
2607
8082
2632
8106
6872
789
9822
2128
2381
9294
8694
5483
9933
9278
4616
9867
3403
6771
7070
2060
698
5308
2757
29
3544
1724
4728
5670
615
8070
3092
9367
7216
7116
8751
4537
2781
7185
5240
9251
6484
6759
9092
9626
2483
2610
1697
5115
312
1800
9832
1308
4797
6452
7497
7872
2992
4289
8540
8253
4953
7234
7009
2244
6810
7602
2513
890
6439
6145
6785
5712
1534
5889
729
8725
3610
3025
2639
2832
5561
6295
2642
4788
1639
4224
1010
7619
1177
4422
9570
2940
315
867
6087
5292
6789
1698
7312
5144
5978
7520
9120
9621
1742
1989
6608
2465
4863
8627
4371
3412
8685
7576
4858
5791
99
6792
4569
5109
8809
1334
1578
4740
2247
4717
2929
3577
8511
4967
8135
3645
4188
7677
1548
7367
3789
4113
5573
356
6288
1720
6478
7387
2099
7342
2310
6106
8014
8572
2567
983
3355
9044
2083
5158
1529
7040
6362
63
544
1514
2727
8047
8168
6606
5718
3718
5987
5657
2516
7016
2578
8316
498
3290
6688
675
4346
3918
4716
6380
756
7601
7441
1709
5304
2314
5912
182
5786
4187
6394
7870
3175
945
3054
4208
5097
1137
1328
4645
6179
1622
7412
3690
9776
1500
1322
7370
6774
9910
7035
3638
9052
6808
6033
1843
2147
8196
6340
3977
9309
6422
7211
5752
1603
8113
9753
1962
6158
5328
4233
6224
7535
5534
6777
9687
5595
3488
342
9100
8770
1628
1118
3866
4462
9821
5474
3347
6292
8115
5620
6329
8364
5237
6231
4144
3275
9959
6345
3631
3681
5071
5392
1058
6040
3158
9546
2602
1391
8686
7616
5874
4690
6803
614
4731
392
4878
4707
4585
7415
2275
2116
9915
1925
9520
4674
6661
2969
1166
8984
4139
5796
3389
1781
9103
9954
3301
4303
4927
8995
9670
3018
8580
5947
3856
2165
397
4626
6885
9538
9632
187
8551
4172
8803
7794
558
4610
3370
6273
1695
9065
7036
2006
3643
6652
8068
3039
9003
429
9172
6386
9474
8567
4672
6850
5801
9415
9024
8291
7279
1385
1201
2438
7046
9518
5776
2057
696
6072
396
1696
7197
2189
1435
7786
9554
3800
8362
606
2328
7475
6613
7115
5838
4016
8599
2479
4575
4701
4590
5668
5700
3399
5197
8148
2308
5631
1579
5722
7168
1119
262
8099
4347
9940
9194
4117
1666
6317
2431
3273
5262
3889
3837
5473
4512
2490
3987
1439
7709
799
5216
4413
8845
2458
484
2339
8153
2767
7847
4156
3011
1880
2828
3946
5164
5433
2715
8450
1852
2016
2230
8439
5020
1414
3474
5612
5165
3813
1024
5294
9301
6418
5016
3426
2663
9131
8584
2661
9764
9361
8271
5528
2637
4401
250
7526
5231
3589
7226
8258
7114
5568
4760
8333
5489
1131
4356
2761
117
9466
8812
3190
6327
1164
684
4171
2700
1620
2959
4403
6711
8752
8854
3820
8100
2065
674
6213
8726
7572
7814
261
4334
2080
19
9238
5211
9494
8897
4012
5992
1160
8462
2486
9298
7366
708
4053
7732
5125
9510
7213
1195
8259
2816
3443
7805
9446
8243
804
8248
7541
4541
627
4444
3446
8582
7133
5030
423
9966
8499
7963
8240
5206
3343
9057
1193
4841
8989
9277
7111
4627
6753
5999
9794
8711
3233
2401
5282
4682
4260
1936
7717
3968
8232
4280
4136
9708
474
7607
5848
5252
2831
3338
4109
3487
6857
3422
2402
8581
8431
8623
5170
6096
2927
9239
5390
3804
6202
5152
6770
1043
9532
7467
6502
4586
737
3787
8273
2444
1453
3395
9460
9376
5260
6178
1658
7487
754
8963
2031
6742
8498
9720
5502
9264
9185
9080
4075
323
4604
4242
8768
749
6353
8477
3494
4903
5680
775
6402
1949
5295
2048
4845
7867
9598
8649
121
5770
2587
1215
332
8185
7276
5932
1477
661
5233
4091
1284
7938
4725
425
4261
1368
9823
567
4786
1246
9227
2631
3913
4753
9310
8178
173
4899
9184
2386
2669
491
5123
5974
6252
7166
3764
8389
4421
5586
5178
4887
5950
2358
5380
6030
3154
1381
7025
7842
7055
8538
3489
3056
3091
5264
6994
6671
7381
7404
3904
8410
9516
5408
7964
3712
9783
3407
8757
387
3143
4733
2625
9056
8733
8541
2326
523
8483
8334
277
6917
5823
3437
715
4380
1715
7713
2626
3183
4095
7988
5812
8828
5988
785
3715
7567
9791
6427
2893
3847
8426
6319
5873
4666
8490
3405
922
7771
3229
3417
2317
9039
5559
7344
2193
2086
1176
10000
510
866
2063
9343
8741
5755
6533
5553
134
9037
7907
5789
1661
3620
6744
1134
4729
7566
8176
3814
8677
7292
4029
7338
6867
4129
2877
3553
4021
8913
4962
5908
4263
2686
2988
8076
3895
8005
8920
9796
6949
826
6253
6176
9920
1485
4921
8294
4969
6852
6861
9456
4121
6974
4625
7542
4976
5910
8747
7531
4712
2203
8500
1389
5805
2160
9242
1362
9608
1767
3459
9890
4439
5189
8300
8142
7430
4052
6811
7934
8750
3120
7866
3874
9613
4019
9035
9043
1504
3153
7835
9000
3868
7207
3806
9905
4290
2774
6934
7057
4278
2997
4659
1202
9418
4807
7162
8331
5604
1075
3512
9911
3719
9369
1623
8298
9734
8088
9271
1847
5259
4036
1819
4833
7273
3236
6021
9749
1575
1892
7029
8012
7637
3330
9542
4576
9855
5982
7846
61
5833
9488
1929
7594
6451
4499
6692
4739
6167
9032
372
7534
7086
3562
3508
6712
3653
1015
1096
6859
5843
8371
5173
711
964
3835
4989
407
9208
520
2365
7810
1130
7097
8719
5248
9947
433
888
8818
2042
6997
4375
6054
8466
1344
9223
5836
9005
1546
1263
7578
7079
7088
2955
9909
1942
8740
5415
1761
2909
1274
6893
3886
889
6718
4615
3628
6720
8363
7462
9559
524
2253
3833
6764
3240
671
7739
3518
1128
3433
4191
5120
6408
2180
4531
9729
4180
6192
9893
2619
3601
9136
4013
7003
5397
2827
9577
5055
9232
2361
9856
4432
5830
8506
1716
5357
4970
482
9918
9091
3574
5279
4647
2410
1570
9477
4622
8561
8688
1817
744
2475
1713
1943
7447
5986
4288
4704
8165
6942
9426
167
2549
3048
2119
2102
6923
3359
330
7424
2200
887
500
7975
2394
3850
8777
7886
2808
3956
5654
3942
1928
3674
4774
3867
158
5671
2243
5412
4349
6630
4464
9081
4783
1855
9464
2024
5421
6660
8319
6647
1853
2117
7434
938
9691
3778
8417
2273
7943
6098
9596
7801
6440
6300
6614
380
5736
8606
9470
3596
648
8045
936
7135
6403
3305
2552
8174
9877
2928
3593
6034
2111
4898
6495
5948
7019
3147
4203
1459
9572
6229
5759
7469
5826
6290
1216
4194
6611
2315
4877
3427
6657
8906
6285
6507
1796
2123
2718
9781
517
7194
6048
2464
1899
2672
4134
9082
3663
6225
6153
4032
6289
7200
9486
6832
8830
5348
6077
4138
8635
7228
2668
3492
9977
5163
9084
6965
5600
2899
8349
2650
3693
9862
5238
9468
434
8981
7310
2648
8884
8246
7695
368
3699
551
3234
9336
8029
7480
6914
2136
1710
3452
8170
2072
8811
6008
1326
2522
9339
720
4910
4764
400
8859
2712
4268
7132
5567
3725
3131
7942
7122
740
7443
5146
3861
2130
4157
4557
8870
3287
7606
7785
9820
5378
4489
7134
1181
9993
7642
7478
5107
4060
9678
126
3983
8392
1392
6988
3226
6682
6864
1786
6654
7581
339
4939
7982
8982
5224
4277
6383
7465
9564
2818
4889
7071
5714
4087
1292
5316
3614
8776
4591
1085
1127
7082
8095
7625
7912
4936
3668
4033
6881
7613
2536
798
1050
9827
9984
3999
979
5285
8791
357
7759
3617
9869
5975
9359
7800
3078
3162
198
9190
5350
716
1324
7158
5585
5200
1711
5068
7781
2819
8475
1005
6658
3587
5395
3250
9305
886
2538
2561
9395
2529
3245
8011
1260
1532
3556
4186
4339
3766
8663
6186
7768
9270
9743
4004
3001
5455
415
2527
9664
6479
5687
5405
2995
2125
289
9435
7144
4298
5602
1230
931
2298
5122
9152
1952
3243
5916
7727
4446
1975
1754
9995
7483
2689
3641
148
5818
9030
4283
9926
8296
8028
8822
4870
9848
9515
3632
4305
4089
9273
3410
7173
7766
8133
4571
2219
9187
9355
9629
1933
4671
5066
1000
8939
7357
8199
6883
3083
7682
9858
6585
2841
8256
269
7027
1555
5613
2185
1725
929
1538
2525
4888
185
7544
3555
5896
1463
191
6055
3554
6101
3547
5270
3903
5303
2484
3074
8976
5533
6392
4059
4560
3391
9040
7728
9379
1913
8172
9045
1841
9117
5414
4402
6220
348
9134
6788
3363
8357
4046
5686
3578
5037
6454
6181
5655
3201
7687
5147
9634
1183
6921
8613
6894
5944
5106
127
1442
4304
9189
529
1732
1619
6510
5578
5263
6701
85
3354
2424
9830
1172
5546
4848
7604
44
3100
328
5803
8006
8786
972
815
5526
5339
8435
2223
2508
7302
719
3381
657
1379
6489
2406
7864
1289
9499
6448
4516
1013
6963
2664
4968
8114
7290
6739
6866
8408
8323
8860
4434
9384
195
7401
7556
5431
137
3931
2756
8464
7307
5893
2967
9217
9974
1217
8458
4809
7037
2548
1911
8307
9118
3658
4513
3249
3109
918
5984
5552
8539
3742
2236
6636
6198
1067
7527
4495
5013
6365
7129
1397
6597
275
9712
8679
2925
8080
1287
1785
590
782
6772
4031
9653
2584
6817
5509
7924
1430
2021
3139
6609
3790
3231
7318
5761
6653
8286
6882
7698
9693
5806
7769
7089
9058
4472
4818
7672
7653
9539
7990
845
8347
9386
221
4241
3560
3467
1395
3279
1296
8570
3936
9432
2005
6912
7261
6691
237
7796
9543
114
8406
3138
4373
346
3807
6499
6851
9048
9274
8222
8775
4619
8607
9445
9774
8132
7098
9675
2758
5254
1649
1648
5062
1997
5291
3030
869
692
7792
5774
2302
4751
9429
6234
4708
6390
4025
2979
5251
4398
8189
3079
4152
6681
1206
3666
6466
4800
882
7949
7260
4269
6259
8532
5320
9804
6182
8337
3141
7661
5266
4543
7061
3661
3985
204
6278
9857
8810
6013
3396
1833
2379
2246
6114
3212
4539
5716
5511
5773
7574
2276
5943
539
3964
68
4861
9479
5503
6853
3660
3307
3194
3429
6057
2866
2127
8644
8917
5319
9731
9290
9394
333
4491
391
5550
7595
7232
5510
6005
559
7776
8433
1302
2383
6100
8348
7978
5640
1680
8969
7614
8932
7470
2205
9329
4090
5933
3654
8157
4494
4183
6627
2547
9808
131
9356
3659
4602
2107
2196
860
6263
4756
7418
3418
4011
3875
8322
1020
1636
8058
1039
9672
6280
2143
1431
4912
9663
7077
6903
7838
5059
7020
7107
5347
499
7084
536
7996
5317
2036
207
6854
7432
1363
1277
3598
7565
8548
9904
1629
7231
156
7828
4940
9296
6469
6248
6211
3607
1101
7256
8181
2333
2760
57
1347
3077
6758
5330
9268
3919
5290
1254
3484
4765
4386
9811
5582
7320
1686
3676
9419
4579
8092
1083
7763
8664
5953
8125
466
439
5741
8863
3573
72
9240
8868
3065
6578
1117
369
6897
8720
3124
4928
8625
1549
1023
2731
7389
4617
3408
5780
7981
1970
5723
3082
9252
8576
6251
1811
3470
1684
4572
5936
2753
8666
5073
6818
2696
7340
4367
9260
7615
347
9772
3637
7986
654
4820
3037
4854
5496
7628
7583
7845
6115
6586
2577
5422
8507
9353
9461
9321
1931
8934
8427
2184
6790
4096
2397
3921
8950
5355
4092
7562
809
997
1192
1056
5951
96
2309
6915
251
8626
5340
8723
9756
4638
3461
7420
7126
1241
8325
5268
1643
8957
2228
2384
344
9231
8025
7141
8394
6404
6032
3698
7793
6117
8967
5785
8366
9327
9508
404
753
1314
3822
9389
3436
4551
2056
2177
3482
6579
4943
7265
4811
6177
658
5512
9944
7453
8083
1470
9937
5277
8826
5564
7630
6046
6529
7887
7855
3851
7007
7778
4660
519
9347
1291
6482
8262
5544
8692
9410
1323
5358
6801
4594
9452
7532
8795
157
822
863
7444
868
4473
3955
3758
6904
8235
6581
7641
2865
4101
124
5365
4775
609
9374
865
3304
7324
9001
1573
9141
5156
4642
5228
6120
2703
3863
4050
4405
6995
1345
1038
801
7977
1502
2935
7645
9206
7956
7221
9077
7819
3130
5858
9330
1655
1987
6503
1979
2964
8255
9129
2560
2980
1875
8249
746
1837
9686
8040
3220
7605
2073
1918
8875
3094
6074
752
8876
2823
1873
5658
4932
2210
4758
286
9459
1136
1197
5617
1717
8658
556
6906
6125
427
5396
1595
14
4954
9932
9224
2282
9642
5072
7596
6447
2952
5543
734
3691
8267
4581
2126
3782
5075
3411
5683
7693
2443
3848
5946
3986
682
9591
5808
4607
1999
1103
6836
7396
8270
2741
8061
4481
3739
2684
3013
2779
5849
3539
6549
8731
3364
6559
598
9493
8310
7274
8713
1123
4308
4273
4252
8231
5436
6833
9177
2879
244
1897
6376
2350
2260
3047
7280
8673
76
7385
8615
3706
2706
1740
6294
8213
5070
4794
1816
1222
5157
287
9957
697
6344
1743
2170
8419
9949
1483
1842
4247
4735
3907
8762
165
4677
365
3793
464
910
6615
5198
7047
9578
7825
4438
109
8109
1258
9571
3455
2895
6161
7393
1081
3447
2830
1384
846
1520
3887
2924
2153
2789
2946
5782
1729
738
2482
252
5306
4578
7901
8867
2931
9063
2539
5257
2867
6637
4933
6112
2985
2263
3992
3670
3478
2635
2182
7954
1469
5256
2068
1898
6705
9985
3041
321
5207
3678
1251
2923
7659
1668
2881
4392
6919
1891
6414
3469
5056
3558
2994
2108
6228
1383
8560
1495
5504
9784
7993
4484
4826
3119
5281
5965
3196
2250
6683
3382
6787
2142
1330
1775
6621
8204
8306
2043
4895
8755
6738
6761
6600
4395
1574
7349
6038
2907
5750
3767
1518
6679
8141
5325
7644
8019
8332
8832
4827
2514
5332
5466
8564
2192
4959
1840
9760
4636
7377
4784
2489
3981
8536
6819
2562
9448
3705
8206
8261
309
4685
1499
991
1124
6154
295
1883
4069
4548
1339
3747
6729
793
2752
4469
9033
8646
6670
2999
4245
4963
2902
5182
3938
9775
2735
5444
3444
9312
7702
3777
4206
4037
8944
3995
3385
5570
1682
322
5524
806
8743
3456
8372
3265
9153
514
4294
1973
2252
2498
69
2501
4567
6972
1983
5845
2679
6203
8003
394
7172
778
5983
6794
3112
6159
3097
5652
5709
1179
4948
8169
4926
8308
7017
1135
8595
5860
7521
5209
3613
4078
8147
8104
3297
4871
6745
5767
9739
8565
9849
1827
2670
7452
7851
1586
6839
2289
5452
1705
8898
9637
8504
8610
1464
755
9683
7773
2599
4232
1921
6293
920
1087
4849
5911
4103
6757
3809
5191
7748
2512
9582
3616
3227
1505
2732
6946
4747
5522
2770
7043
8525
2957
7962
1734
3605
9416
6698
579
978
534
8446
4264
1237
9326
7210
6694
2059
9047
9806
413
8988
3750
3926
673
2400
5159
7858
4680
925
4133
6595
2429
3319
5235
48
9485
3672
4182
2234
4
231
7708
7127
958
7931
2922
8714
9660
2274
2833
4443
9576
9076
9536
2912
7685
1537
9597
2213
8662
1501
8645
3386
7485
9318
2145
9457
6780
8839
8400
449
5394
3246
7461
9619
7516
6246
8274
6007
3045
446
6200
5456
4719
5513
281
8569
9292
4767
4749
8712
228
3680
1758
4210
5401
4606
4330
1731
3568
215
5844
2840
603
9614
3374
1190
1084
9320
4763
6382
7891
5537
3171
9165
9029
6435
8729
4057
4468
4746
2496
7067
6135
24
6138
8404
9941
6737
4532
5370
7250
9400
3358
272
4521
5956
4181
2095
2393
2983
3515
3823
2644
8044
3902
4104
5856
4317
2291
3602
9302
5901
4291
4795
9514
4440
9088
1138
9434
6702
50
7561
5639
1912
5307
3928
8251
4829
3477
4216
313
6725
4083
683
8774
1337
8903
560
6782
1823
4850
5160
3019
343
1794
2511
5868
613
7775
6354
7145
7044
486
3435
6387
408
2408
9854
7243
7251
6085
3774
5183
8792
1342
830
9588
3724
6346
9769
3841
542
6812
189
92
8423
4177
9967
6389
3238
4400
5098
8624
3550
8027
9002
7042
340
7192
9202
7662
2359
9366
7030
1587
1638
3754
7327
459
307
6802
3258
3636
7674
2886
4496
3664
9180
7875
6633
2858
5899
6352
662
9324
7383
4204
3280
1188
7457
6190
6888
366
4164
1824
5822
2013
2704
6664
9340
3038
2441
1815
573
4720
5299
766
1691
4450
624
9640
4675
2288
7170
7390
8758
9113
6545
8149
2905
4890
7779
2581
2311
1490
1965
3503
9362
2750
3952
5579
5407
9895
1632
6569
3315
8145
4681
1167
6668
8378
5666
6490
669
7967
2820
6993
4492
6498
3791
3257
7100
7646
7818
7586
5217
5334
18
2960
3551
8683
8682
8136
8901
8955
7592
2844
6150
455
2776
2187
9144
4135
7384
2651
4270
2896
5232
885
4326
4082
2647
5906
7249
6249
1065
9229
831
8202
780
1613
962
4006
7859
104
5689
8622
771
16
5038
3924
693
3058
5084
8553
5748
3582
6956
5501
8974
2433
641
854
8110
2322
3064
5995
6773
3117
7188
6254
30
6535
9105
5218
7590
7945
2330
506
6333
2436
8879
7023
7215
9436
6824
4507
7155
4500
8971
6406
5835
2589
6430
2502
3839
6366
706
2882
562
6796
3096
3228
8201
3197
9138
6395
102
7823
580
976
308
9261
8089
6979
6821
9818
5972
5514
9007
110
6924
9234
5369
7309
3954
4394
2678
2173
667
6722
2984
74
8634
9383
6494
8494
1169
2521
1205
2257
1454
8469
5031
4695
608
8054
1406
5274
9844
893
7322
8909
3211
3434
5324
4365
8179
6860
7821
2229
3007
5703
8242
9684
5729
5148
8487
810
6429
3890
3501
4148
8887
3005
7506
9119
6516
203
8279
8954
1271
2553
6874
2505
8405
7984
5693
5331
5855
7635
8203
8158
135
2667
4561
739
969
6566
2606
563
3308
5283
4302
2194
6531
9685
403
5869
9209
5327
6776
699
9018
4275
3207
3717
9454
2649
3498
3646
7328
1955
4165
4804
8016
8698
6784
5391
6257
2346
1219
5603
7303
2004
3535
2728
837
6955
6236
4790
2418
2296
6105
9647
586
1671
4553
5742
9641
1060
894
152
331
6686
8796
8008
8857
9308
1214
4005
545
9553
7743
521
1168
605
9349
7840
7436
690
9128
7537
9611
200
5507
960
9690
7373
3043
8715
6119
3110
853
9258
7371
7254
8591
2157
8783
4941
6436
3830
5166
3694
4262
5079
1091
472
8493
4478
6187
5699
8297
1200
5438
5890
3254
6405
8156
7571
2510
8521
9443
1739
2588
288
4000
602
6713
7694
3003
1317
7209
4353
7696
5247
2270
3146
5675
1270
7881
395
8899
805
9083
4331
8947
4311
316
2285
2956
9699
6641
6932
5904
7833
2883
4834
8393
9491
6553
516
3564
461
8224
2002
9843
5472
2101
6558
686
216
1807
4141
8007
4971
1224
7411
2817
2452
5322
7380
731
8091
4802
1692
8668
3912
375
6031
5471
4699
6107
4362
8585
1311
3155
4309
1109
1591
7921
9535
2284
8797
721
3187
1072
25
1316
6674
1361
3256
874
4759
444
2884
7528
5002
448
1592
5051
9186
1687
6328
9612
9725
7156
4609
7199
3505
5851
9807
7892
1154
8704
3526
5176
3642
6724
8710
3720
1605
7163
4017
833
2910
5989
5875
6754
9502
914
2307
9385
7699
4312
6650
5515
2739
4178
7770
7701
3775
9155
7498
227
776
208
5918
2869
5622
961
1310
7449
2121
7039
7277
2958
1044
2323
6865
3205
5069
2347
2793
8516
3772
7218
4773
4166
6617
3760
8716
7850
1954
130
1059
5728
5044
9314
7790
9512
8470
570
9809
9840
5532
781
1927
5114
7538
9228
9407
1335
6541
6809
1220
2272
9935
7705
4214
9014
3134
144
3311
6471
184
5629
8779
9585
4938
6693
626
5475
2558
2435
2564
8164
2720
4348
4982
6878
4842
3679
457
4343
6146
1027
3708
3795
8597
5730
463
9078
4236
3528
8681
4955
7090
8361
3202
7362
1924
4994
5245
2950
3651
1066
9658
525
4542
9964
6016
6766
477
5545
9440
2580
5760
9703
8997
3543
791
4869
4741
8336
8543
52
483
5938
8896
5508
819
9828
1029
4847
607
6929
301
2299
1225
3380
7125
3199
3430
5819
4313
4041
5744
9593
2054
2530
8571
4896
3662
2692
8314
2271
6695
3449
952
4073
8038
1593
2407
3862
7827
862
5435
17
2533
4664
9427
9882
5957
6437
8637
2839
915
2847
7966
3260
9216
8182
9447
1364
9607
3975
4366
6778
4488
2460
2546
4633
8074
8961
2239
422
3726
3415
6582
5907
4713
5488
8502
2030
5196
6953
6977
2568
4393
6540
8383
6315
5113
1248
7271
9106
3513
7073
3316
9631
3603
3393
2853
3023
7343
5161
5725
2066
3684
9799
8820
8212
6678
7551
2390
3963
4237
6051
9662
9256
2404
7431
6126
438
5470
6522
7334
6721
6856
1916
4459
5520
5360
6526
6875
274
1239
1184
7167
3080
4475
3331
742
6534
8415
1978
1771
1951
5519
5382
6829
6299
5599
8368
2894
2081
1634
1932
3491
1866
5001
9073
8764
8998
2079
975
9378
1763
921
5298
850
9249
2368
6173
6748
1617
7106
351
1676
6561
2044
2590
2377
1519
9654
878
385
3262
9680
9387
4077
9604
4244
1769
2456
2084
8573
9164
8594
8162
5662
8311
7911
3829
1223
6174
7326
1221
5969
9793
9789
522
9773
9519
7985
7002
1352
9149
6134
8407
5964
8986
4007
7448
3086
3268
1540
6441
9623
5828
8609
7929
2129
9455
5942
3911
1306
5208
5885
6565
7407
3798
4193
1981
5007
8079
2497
4238
9803
1559
9023
5574
6947
6446
827
6348
2251
6916
8449
3206
4945
3306
702
1162
4372
7910
7553
4433
604
6619
4745
419
9901
5184
7824
7762
5074
3121
6398
7751
4253
7130
4040
2803
3263
6537
855
8935
77
6966
8850
7588
4215
214
1152
8960
2240
5049
5884
5853
3051
3644
8073
9551
9192
8611
6644
8861
7517
9923
7403
9513
939
3744
3432
9710
5704
9868
8067
7631
7286
2812
6219
4364
638
6171
3448
2281
2039
9026
8023
1777
6124
3984
1780
8046
4323
3685
9313
1797
764
6025
4857
8904
9566
8143
7413
4174
1354
902
7548
6023
3980
8039
5847
1380
6004
7946
4221
9161
5949
8799
5973
8708
2378
6733
8968
1332
4066
639
6710
5028
6306
7152
8496
6207
86
7589
1412
5110
8187
4151
5296
1211
2166
2186
7288
8461
1061
6053
1371
202
3062
2318
2887
3114
4190
1212
5580
9509
7655
4102
1473
7267
3441
2913
9420
3801
7545
5665
2633
3439
2450
8128
6907
531
7352
5850
5681
1521
9257
271
9284
2007
2543
750
6331
1229
6090
7976
6052
2691
628
680
5648
4558
891
2870
5463
3552
6043
9230
9241
6109
2989
458
5442
4980
3877
9344
2392
3075
4624
5195
9709
1156
8568
2926
8549
4155
2795
9433
508
6214
360
599
8721
9892
3232
376
1890
948
4588
2554
2788
8767
3215
8237
501
3943
2804
5897
280
1196
6504
1278
5008
816
1373
8636
5286
9490
8703
1198
532
9173
8215
2416
8335
3808
8659
1143
8575
7953
3010
8956
54
9243
8773
9697
2362
8093
1859
2507
163
3896
2598
2320
5698
2963
6303
6266
6415
3971
575
1597
4683
5807
6612
4417
5447
3785
2286
8866
9790
7202
5227
3004
3517
900
4428
4143
767
7919
4282
954
4637
81
3802
1369
9896
4611
2470
9425
956
6355
6978
2297
9732
123
6162
9406
6925
8398
7182
3480
6111
6029
8780
6191
325
3166
2020
4988
3621
2100
5092
777
245
1940
5663
3125
1350
3067
3369
8657
2624
7298
1612
4458
56
537
6593
4123
9656
7807
2191
1868
7101
3181
7120
763
5366
7490
5137
9334
1355
84
1057
6646
7873
6110
535
5664
6277
125
9503
5772
6805
4425
2911
265
9615
3414
5454
689
1409
9066
9525
3858
9413
1714
1991
293
8772
5685
7860
7473
4158
1699
3557
6419
8388
5300
3008
7335
6416
1231
4538
2987
4722
1040
8066
5624
8467
7651
7486
7663
7926
8451
4127
3450
2596
9116
8813
6396
1294
6065
928
7510
2809
6129
881
4345
345
7248
4493
7720
7894
7798
5701
4639
5477
7865
5696
4212
6941
6951
2707
5854
1422
358
3615
1858
736
7391
2545
844
201
8375
9936
7932
6685
2825
3671
4287
4447
9735
672
8975
4442
2207
1615
9371
5089
3817
5766
3910
1120
7062
3465
3210
9934
2970
2049
8702
6015
7757
9702
4703
4115
6512
7264
5006
3129
6746
1480
1424
1247
1896
6335
5255
8763
3736
7368
3390
1562
7355
4880
6936
2469
2161
8236
4694
582
1432
3165
1030
3976
6116
6483
4189
31
8742
4316
2003
653
7927
8344
222
71
5102
6071
2399
2412
2688
7760
4546
8689
8221
9174
5891
7841
6470
5521
1681
6869
2773
2364
7316
7774
21
7854
1600
7299
6687
8050
879
5424
4792
7245
1320
3737
3811
9195
1226
2605
9813
3576
3548
4608
37
5788
9943
1418
303
6474
1654
6752
3612
8163
9484
490
3167
9724
8670
2190
7252
6139
643
3270
3342
6281
2085
55
8352
411
5861
6519
3689
7608
9646
8377
4743
4508
4658
5635
9034
7410
6841
5827
3453
2520
3749
8806
5404
2440
1191
7289
9622
1810
8544
9212
2541
2151
3322
9250
2736
2722
3824
362
4399
2708
4176
6363
8460
7278
4687
5590
9533
6170
8265
9067
2784
7691
9199
8260
2620
9671
1313
5220
5669
2451
2467
5872
3827
7947
4383
2398
5706
2139
8736
4862
9463
1721
5105
6835
1986
1288
4855
2856
8535
210
7423
9098
3159
7304
5867
6625
9269
432
8268
4479
2494
7354
8994
9011
6568
7337
4934
2202
5883
4916
9280
659
2303
2454
656
1452
6357
6121
1772
2256
9569
8566
9263
2419
28
7683
6807
5385
843
9898
8459
6950
1178
3485
3284
8501
583
9972
5721
8155
4055
3884
4995
3745
6592
4736
9483
363
953
5419
8369
7503
2612
8354
3072
7422
7563
4111
5253
112
4207
9917
8173
6444
2132
9777
790
2702
2279
9377
6514
5902
4559
7671
9744
924
7820
1828
9453
5919
9842
5500
6332
6618
5980
4454
1871
7072
7048
6316
1751
875
2611
1034
8264
5219
1782
2354
9530
6264
916
7445
4956
9838
6521
6741
8276
1572
6976
6399
2235
1703
273
3538
9717
4957
4836
1774
1419
747
7099
4992
7600
1768
3973
1657
5659
8608
7031
8513
2518
7205
4295
2061
5960
6509
8342
5560
4517
7049
8782
4819
1266
7909
2863
6235
5440
5864
103
9121
7333
4947
640
2225
8959
4369
8678
3462
5236
2280
9644
9293
8018
8873
7427
4614
8305
4993
7877
6168
145
3442
9650
5914
7703
6719
4924
6735
2572
9630
1728
5781
2791
4983
39
2269
4487
7512
7080
7224
8911
858
9758
1484
113
1563
2439
6673
8193
7969
7633
6930
2388
4404
9919
5787
9730
6287
8949
7554
229
5993
6298
3251
2134
2217
1607
968
5212
319
3958
665
1182
1967
6845
3559
6967
2421
4914
2937
5019
7914
3872
5589
7143
9677
7359
5230
8471
3738
3340
1675
1860
6560
4234
7104
9556
8849
5923
7752
6523
9197
2176
7681
2106
3794
2232
5937
3803
6062
1650
2726
3398
6750
4935
8789
6297
3272
2961
9198
4865
2447
9976
4231
349
4990
1399
4292
3741
1269
1533
4397
9599
8753
4220
3537
4351
1922
3816
9295
2682
3116
1004
6360
1398
6241
7087
8902
1026
7296
8700
6840
1944
6308
1637
120
1297
908
3523
7915
6765
9812
825
4128
9752
4130
4486
7345
2305
1319
5981
1492
4791
7442
6723
6825
2574
5377
1234
1626
3142
5903
9970
4754
1512
588
3244
5997
3323
6477
9810
5015
5542
1908
1995
9575
9824
8761
2172
1281
8184
1451
8485
1535
4192
2802
6045
1672
1275
4966
710
678
5547
3703
8454
260
7331
7499
8020
8318
3029
5135
3218
2199
2947
5464
7178
9345
9780
7361
4781
9160
4554
8966
291
5954
4285
5349
518
9111
8641
7863
4872
8303
8022
6233
5479
757
8517
9880
7862
3894
6756
1980
3925
1809
1660
7612
6465
8696
1139
2638
1012
5735
7789
7933
5275
9012
2204
7230
300
8756
761
6209
4072
8972
1300
4067
923
8912
7195
7378
8358
7502
9738
2492
7987
7756
2782
6599
8161
7787
364
5979
6855
3695
6149
5608
9528
1290
2951
3424
1496
9196
722
6969
2090
7575
161
2050
7085
4140
773
6508
2900
4776
554
9565
4929
904
4374
3536
3922
3133
9411
9652
9496
9942
930
3034
2845
917
4160
647
2064
1349
502
883
7722
2709
1554
7903
5527
4355
219
1074
38
9469
701
7658
4620
6472
8537
1930
88
2755
8530
1919
5886
4147
4131
471
9711
5312
2904
4974
6356
1788
876
4904
1457
1031
7665
6128
1367
1400
7826
6572
5702
1244
9357
1375
1988
6279
5439
5626
8547
4003
3179
7051
1240
5042
8118
8718
2834
4612
217
1460
6311
4920
2737
2370
9766
3951
986
7157
2829
6445
2046
6143
1706
8993
2001
341
1509
4094
2555
9421
9771
5371
971
7611
8953
143
4230
589
3345
7680
8220
2965
6996
5525
3059
7059
1544
7939
1670
5313
257
4061
6183
5824
5925
3152
7074
3845
1803
9
4452
2025
1618
9635
6156
8640
7689
933
9476
7883
730
3704
727
7440
1116
1476
2759
4223
211
9504
1032
2671
6877
880
6342
3569
2762
9370
7812
9885
3571
9114
4518
7546
7198
1142
6659
515
1002
8463
1958
812
1872
932
7782
7623
8705
3050
981
205
2395
9123
5778
2242
5004
5497
4684
2949
65
7597
6420
1341
98
3575
7375
4376
7716
3880
695
9816
6690
564
4598
3255
4336
7069
7624
2787
5039
9723
5724
5258
9719
7580
9009
409
8583
1993
6740
4256
4900
5802
3012
2120
7394
6524
1581
4510
336
2372
6068
1073
6458
5413
4209
7829
4839
9606
9226
3
6330
1762
712
1511
4097
108
4750
8807
7675
4411
9094
3730
3337
8760
8890
1645
4427
1857
5753
6092
5926
8292
5705
6423
823
9300
1746
7425
6675
5362
9049
7733
7376
6933
1663
1718
9860
4678
4752
3473
1366
6449
847
4744
2471
6727
5383
6284
305
4199
1909
2462
3044
2445
2009
1633
5025
4564
1515
5732
4975
7772
2618
6334
26
7179
5381
5958
6019
9883
652
6891
7262
5499
4387
1812
5309
2473
9086
2179
5143
6574
2332
8059
3521
9237
8210
7223
9620
8805
9826
6676
5677
2982
2609
1543
122
6022
1953
8872
355
4873
304
5584
1722
944
3296
7339
5400
8542
1960
565
8245
1413
2335
7815
8413
1834
8655
2212
9130
5243
4570
4030
8065
7513
2058
51
1111
2563
2531
5898
1390
489
6602
5711
6242
3383
5434
5887
5692
8874
1472
5707
4665
7961
242
4449
4906
4329
8138
9733
5048
8941
1738
2658
6542
9125
9922
2771
6175
5154
5962
1245
5593
9364
4846
6550
9779
8492
9534
8892
4385
8631
9213
9169
8737
8514
4159
8717
2906
5651
6667
9028
503
353
7397
3961
4028
2616
7591
9095
3604
2713
9765
2019
9956
8512
6743
8841
6012
9864
6343
3932
1969
3957
1110
7599
9489
6584
60
7102
5623
5516
839
9945
9667
857
6781
3669
7258
6944
1094
6113
4080
7712
4649
4768
7569
3368
2376
4321
1441
359
5719
610
1830
1895
3460
1125
410
3682
2551
3264
9834
1556
8395
621
9655
1915
326
5990
9495
5151
909
7010
8990
2367
3509
475
7904
3500
7022
7764
2380
4692
1778
4105
2427
7995
5837
6783
2585
3769
7024
8380
9458
9051
7301
566
7455
2836
2978
3122
5121
992
390
2324
91
7050
8382
3788
9833
1685
8167
2091
871
1340
8183
7239
1036
3826
955
4838
3949
3327
892
6837
3893
1614
7201
4868
2981
6456
6160
1760
9529
5064
3838
2872
2287
538
4844
435
169
6481
8043
9550
2389
1407
2089
7519
6898
7001
9798
8411
3089
6349
6563
7817
9998
6216
5569
4284
2792
3762
8402
1977
7437
5261
2769
1099
334
5644
7686
4771
2022
6131
2015
3941
631
2615
2023
2534
9380
2849
4248
8654
8952
4498
2593
3611
2029
3495
2897
320
3776
7492
1076
294
9053
2409
7905
7212
9902
5364
5311
977
8908
1885
3173
6381
6842
9955
9079
507
132
3713
7076
5991
4196
8443
6938
3606
2595
9449
9872
1207
2993
5411
4466
1325
1218
1433
2449
7291
2843
3180
6562
2772
6971
817
1293
2859
8126
4805
7493
5649
2805
45
8320
3743
2733
7797
9727
9062
4471
1170
8367
3164
3855
8945
7313
8205
5409
8102
284
7918
3852
3321
1175
8192
2017
3103
2556
7180
1077
3962
7165
6155
6491
7533
8951
4525
6239
7765
4167
5841
4014
5179
9894
1588
8396
6314
7944
4418
9643
4851
2188
8647
967
2783
1994
1252
9610
8546
5834
4727
5368
4951
