99996
99992
99981
99974
99966
99955
99954
99948
99931
99928
99920
99820
99817
99803
99797
99794
99787
99787
99780
99777
99775
99774
99765
99748
99728
99727
99725
99719
99716
99714
99712
99710
99700
99692
99687
99650
99648
99618
99596
99568
99552
99547
99544
99541
99498
99492
99491
99488
99481
99463
99460
99460
99441
99437
99418
99415
99401
99395
99392
99390
99386
99371
99337
99314
99281
99280
99266
99255
99245
99233
99207
99192
99175
99172
99162
99143
99142
99132
99112
99102
99069
99045
99011
99008
98998
98995
98984
98965
98963
98931
98908
98903
98895
98872
98865
98862
98854
98846
98839
98837
98837
98834
98834
98829
98820
98818
98816
98805
98801
98789
98787
98781
98768
98755
98747
98747
98738
98734
98732
98731
98731
98728
98725
98699
98696
98692
98689
98687
98683
98669
98664
98663
98652
98648
98642
98641
98623
98609
98602
98600
98595
98587
98584
98577
98571
98549
98544
98543
98525
98514
98513
98508
98502
98499
98495
98486
98478
98478
98473
98459
98444
98436
98408
98406
98395
98391
98364
98351
98323
98310
98267
98248
98234
98218
98200
98197
98192
98179
98172
98170
98157
98088
98085
98084
98083
98077
98074
98072
98066
98049
98031
98026
98025
98010
98000
97990
97964
97930
97924
97895
97890
97888
97867
97863
97863
97856
97854
97853
97851
97848
97845
97834
97834
97820
97792
97791
97787
97736
97711
97711
97705
97686
97685
97684
97656
97635
97625
97622
97620
97583
97566
97559
97554
97539
97508
97475
97469
97436
97429
97418
97417
97416
97414
97403
97355
97338
97333
97319
97300
97298
97295
97291
97261
97248
97227
97219
97209
97205
97201
97200
97191
97179
97177
97176
97174
97160
97153
97140
97138
97117
97107
97105
97095
97093
97088
97082
97057
97042
97025
97007
97001
96996
96995
96993
96980
96953
96948
96943
96927
96925
96921
96920
96919
96917
96917
96916
96913
96910
96908
96845
96844
96841
96822
96819
96819
96805
96786
96769
96738
96725
96719
96690
96676
96662
96647
96644
96638
96629
96609
96606
96584
96584
96576
96559
96552
96542
96535
96523
96522
96515
96507
96475
96464
96457
96453
96446
96432
96397
96374
96368
96361
96360
96350
96341
96324
96324
96323
96313
96313
96311
96304
96296
96295
96274
96273
96257
96235
96233
96231
96219
96200
96193
96191
96171
96163
96154
96119
96086
96071
96066
96058
96053
96048
96042
96037
96036
96021
96006
96005
95983
95982
95961
95939
95934
95921
95912
95910
95900
95898
95877
95859
95851
95827
95818
95804
95803
95791
95783
95776
95774
95740
95718
95715
95714
95709
95666
95664
95657
95640
95640
95589
95567
95561
95556
95535
95535
95532
95507
95505
95500
95474
95471
95468
95444
95432
95422
95420
95413
95401
95389
95379
95377
95361
95356
95348
95344
95328
95308
95305
95298
95289
95289
95282
95278
95267
95265
95258
95256
95253
95240
95236
95230
95226
95212
95207
95199
95198
95193
95192
95170
95169
95169
95165
95158
95157
95141
95120
95118
95117
95094
95091
95085
95069
95066
95041
95039
95023
94988
94984
94979
94957
94940
94935
94932
94923
94898
94889
94889
94886
94882
94881
94831
94830
94820
94811
94797
94793
94784
94774
94757
94753
94746
94722
94721
94714
94704
94696
94692
94686
94649
94647
94613
94579
94578
94573
94567
94531
94516
94507
94504
94480
94475
94464
94463
94461
94452
94447
94439
94426
94425
94422
94415
94404
94403
94402
94397
94394
94391
94383
94383
94376
94358
94347
94347
94343
94327
94315
94294
94293
94285
94281
94264
94254
94249
94246
94244
94230
94228
94209
94195
94184
94176
94173
94172
94172
94169
94135
94103
94100
94099
94048
94046
94045
94045
94043
94023
94012
94003
94000
93996
93994
93978
93973
93968
93932
93923
93905
93898
93852
93848
93837
93836
93821
93782
93765
93758
93720
93714
93679
93675
93674
93670
93660
93656
93651
93640
93636
93622
93617
93609
93561
93553
93553
93547
93543
93540
93528
93528
93512
93508
93508
93493
93480
93466
93464
93450
93437
93436
93435
93400
93399
93378
93366
93359
93328
93321
93304
93292
93283
93282
93266
93257
93251
93251
93239
93231
93221
93199
93192
93190
93176
93168
93164
93155
93144
93143
93139
93131
93122
93118
93117
93115
93103
93093
93085
93083
93082
93072
93071
93068
93056
93019
93019
93016
92988
92980
92972
92962
92960
92958
92955
92955
92947
92928
92920
92915
92911
92911
92893
92864
92841
92837
92828
92825
92821
92804
92803
92802
92766
92760
92752
92750
92740
92707
92707
92700
92689
92682
92672
92667
92645
92633
92627
92610
92601
92585
92559
92557
92547
92532
92532
92517
92514
92513
92511
92504
92500
92465
92461
92433
92431
92430
92424
92422
92414
92402
92386
92383
92349
92337
92334
92331
92326
92319
92293
92286
92278
92265
92262
92258
92251
92243
92242
92241
92229
92220
92175
92168
92162
92127
92117
92113
92111
92110
92090
92079
92048
92026
92021
92012
92008
91999
91984
91981
91981
91979
91969
91964
91959
91934
91930
91925
91919
91909
91908
91895
91875
91834
91830
91813
91800
91777
91773
91772
91770
91767
91742
91724
91700
91698
91696
91669
91663
91658
91650
91642
91628
91601
91599
91582
91581
91541
91536
91532
91522
91518
91518
91508
91506
91476
91463
91453
91446
91443
91438
91428
91423
91418
91416
91411
91390
91383
91382
91369
91369
91362
91350
91338
91336
91322
91320
91314
91314
91313
91306
91295
91289
91270
91268
91267
91257
91238
91225
91219
91196
91194
91189
91178
91151
91144
91132
91130
91117
91116
91114
91111
91108
91106
91098
91061
91029
91021
91014
91002
90996
90995
90971
90967
90960
90953
90941
90931
90927
90921
90906
90901
90899
90888
90880
90880
90875
90866
90857
90856
90852
90840
90837
90836
90833
90816
90815
90809
90807
90803
90802
90799
90796
90776
90775
90768
90744
90733
90732
90732
90725
90724
90716
90713
90694
90691
90683
90673
90667
90659
90657
90657
90650
90638
90623
90623
90605
90600
90589
90575
90561
90555
90535
90533
90518
90516
90515
90493
90486
90468
90443
90407
90393
90390
90388
90363
90358
90346
90340
90336
90329
90325
90303
90297
90294
90266
90264
90262
90241
90214
90203
90196
90194
90184
90167
90132
90131
90130
90127
90093
90090
90077
90074
90072
90066
90062
90047
90032
90028
89999
89988
89987
89974
89963
89959
89942
89929
89892
89878
89873
89861
89833
89832
89831
89828
89826
89806
89800
89798
89790
89788
89779
89773
89759
89758
89756
89744
89715
89715
89702
89698
89667
89647
89643
89637
89622
89613
89611
89607
89607
89558
89540
89538
89524
89523
89513
89486
89479
89476
89473
89471
89463
89462
89460
89457
89456
89429
89417
89414
89407
89397
89394
89391
89382
89369
89368
89362
89358
89346
89302
89299
89288
89286
89264
89221
89211
89206
89190
89190
89188
89180
89173
89165
89165
89133
89126
89120
89116
89110
89097
89094
89094
89091
89090
89085
89064
89059
89057
89055
89049
89044
89034
89027
89016
89016
88993
88988
88986
88985
88984
88982
88962
88955
88940
88931
88928
88891
88885
88874
88870
88869
88869
88847
88844
88818
88765
88756
88736
88724
88688
88686
88678
88670
88660
88643
88633
88603
88570
88569
88569
88568
88559
88555
88544
88544
88537
88521
88506
88501
88477
88472
88469
88468
88461
88449
88434
88427
88427
88422
88400
88386
88379
88378
88350
88345
88333
88330
88321
88314
88298
88293
88265
88248
88220
88188
88150
88146
88145
88140
88140
88136
88135
88124
88114
88105
88088
88082
88082
88043
88042
88022
88019
88005
87996
87977
87974
87952
87951
87921
87904
87903
87895
87894
87875
87867
87810
87809
87806
87805
87792
87785
87781
87779
87756
87755
87749
87744
87716
87712
87703
87669
87659
87658
87657
87654
87631
87627
87621
87620
87606
87583
87570
87553
87545
87530
87523
87520
87511
87486
87449
87436
87413
87411
87407
87384
87383
87361
87358
87332
87328
87302
87299
87297
87285
87282
87274
87265
87251
87248
87245
87242
87231
87216
87214
87212
87200
87195
87191
87175
87163
87161
87151
87134
87118
87111
87105
87096
87092
87089
87083
87081
87081
87069
87069
87065
87057
87052
87043
87032
87032
87019
86990
86948
86940
86921
86920
86917
86912
86904
86899
86895
86892
86866
86856
86851
86836
86827
86824
86824
86809
86807
86790
86785
86777
86776
86751
86749
86739
86726
86712
86708
86706
86705
86688
86674
86665
86664
86656
86653
86652
86648
86648
86634
86633
86617
86615
86614
86596
86593
86586
86584
86578
86571
86567
86564
86548
86543
86539
86532
86530
86522
86521
86502
86502
86496
86486
86485
86481
86467
86457
86449
86445
86403
86382
86373
86340
86336
86336
86324
86320
86319
86316
86311
86308
86303
86301
86296
86289
86288
86272
86266
86264
86260
86247
86240
86235
86220
86204
86189
86179
86153
86149
86146
86143
86138
86127
86091
86076
86073
86038
86025
85999
85999
85997
85991
85991
85976
85975
85963
85959
85947
85937
85937
85930
85910
85900
85898
85881
85880
85875
85848
85844
85838
85836
85822
85816
85815
85810
85804
85784
85779
85759
85720
85719
85708
85700
85678
85677
85667
85638
85638
85604
85601
85596
85589
85583
85577
85573
85560
85554
85550
85543
85531
85479
85477
85474
85452
85447
85444
85418
85407
85398
85375
85353
85352
85348
85334
85327
85327
85322
85311
85311
85311
85299
85279
85278
85276
85265
85251
85246
85217
85205
85202
85197
85186
85174
85172
85160
85137
85135
85132
85126
85125
85119
85115
85106
85084
85075
85065
85061
85059
85056
85056
85050
85046
85029
85017
85015
85002
84994
84993
84972
84961
84939
84925
84922
84897
84897
84855
84853
84850
84790
84782
84781
84779
84762
84758
84744
84737
84729
84698
84673
84671
84668
84665
84655
84651
84638
84613
84606
84605
84590
84558
84543
84535
84534
84520
84498
84486
84480
84459
84449
84425
84394
84370
84368
84366
84362
84356
84347
84320
84317
84312
84307
84267
84254
84253
84249
84245
84241
84231
84229
84225
84220
84220
84206
84196
84189
84186
84174
84172
84158
84148
84132
84125
84123
84123
84121
84107
84101
84078
84078
84070
84069
84067
84063
84062
84062
84059
84038
84020
84019
84012
84012
84009
84008
84003
84002
83980
83978
83975
83971
83968
83959
83934
83924
83908
83904
83874
83872
83848
83819
83816
83769
83743
83730
83729
83726
83717
83716
83713
83712
83710
83710
83700
83693
83668
83656
83647
83624
83624
83590
83587
83580
83565
83560
83547
83522
83515
83513
83509
83502
83502
83502
83481
83475
83437
83419
83393
83374
83358
83357
83353
83342
83335
83327
83306
83275
83242
83223
83223
83220
83219
83215
83214
83213
83189
83184
83167
83164
83159
83157
83149
83129
83118
83108
83085
83078
83075
83074
83073
83071
83067
83061
83057
83051
83049
83039
83038
83013
83005
82995
82979
82977
82967
82959
82940
82931
82918
82914
82899
82881
82879
82878
82876
82864
82861
82841
82825
82824
82822
82788
82785
82766
82749
82742
82732
82718
82717
82694
82682
82651
82646
82630
82619
82617
82613
82591
82580
82567
82561
82546
82537
82532
82524
82524
82512
82502
82493
82491
82473
82471
82464
82461
82461
82456
82453
82436
82435
82425
82413
82406
82362
82348
82336
82332
82329
82319
82319
82317
82297
82282
82278
82266
82259
82254
82223
82218
82215
82213
82199
82184
82171
82113
82104
82101
82094
82088
82084
82078
82058
82019
82018
82005
82001
81962
81958
81948
81948
81945
81943
81941
81924
81921
81895
81886
81871
81866
81804
81803
81800
81790
81775
81770
81768
81764
81761
81749
81745
81730
81695
81682
81659
81638
81623
81619
81617
81601
81591
81586
81574
81563
81538
81535
81532
81520
81508
81503
81499
81478
81459
81448
81448
81445
81420
81417
81407
81390
81385
81384
81378
81362
81343
81320
81312
81301
81291
81288
81287
81276
81275
81270
81264
81256
81243
81223
81198
81194
81182
81156
81153
81152
81148
81147
81140
81136
81135
81133
81132
81132
81121
81096
81081
81076
81072
81067
81046
81045
81023
81019
81014
81012
80988
80988
80987
80965
80948
80945
80943
80935
80933
80931
80930
80926
80901
80896
80892
80888
80883
80883
80869
80866
80858
80844
80840
80826
80814
80810
80805
80797
80789
80788
80763
80754
80749
80741
80712
80710
80701
80685
80685
80676
80668
80650
80644
80625
80623
80621
80613
80597
80591
80583
80550
80539
80538
80506
80504
80492
80486
80483
80468
80456
80456
80428
80410
80410
80404
80389
80370
80368
80338
80334
80313
80281
80277
80270
80263
80256
80228
80228
80208
80204
80203
80183
80174
80171
80161
80154
80145
80138
80137
80137
80136
80126
80107
80085
80065
80059
80054
80052
80045
80029
79998
79993
79985
79967
79961
79948
79946
79938
79927
79917
79913
79894
79893
79888
79881
79873
79856
79852
79836
79833
79833
79833
79828
79820
79812
79809
79796
79796
79792
79777
79773
79769
79747
79746
79721
79718
79704
79692
79680
79663
79638
79620
79604
79591
79581
79571
79569
79549
79532
79519
79503
79460
79452
79447
79444
79435
79397
79392
79390
79389
79380
79378
79367
79359
79358
79348
79347
79346
79335
79332
79331
79324
79298
79295
79292
79273
79264
79250
79225
79225
79221
79182
79179
79168
79166
79165
79154
79132
79122
79118
79097
79090
79084
79082
79082
79058
79049
79020
78979
78974
78959
78932
78922
78919
78918
78910
78907
78876
78851
78840
78835
78806
78795
78792
78792
78783
78758
78736
78734
78703
78683
78675
78651
78647
78629
78627
78623
78599
78598
78596
78594
78573
78556
78547
78543
78516
78509
78506
78505
78496
78484
78479
78475
78467
78466
78464
78448
78433
78433
78418
78413
78408
78395
78389
78383
78378
78371
78331
78325
78322
78320
78318
78314
78309
78244
78235
78223
78213
78212
78207
78204
78202
78196
78162
78162
78147
78141
78125
78124
78120
78098
78097
78095
78062
78061
78059
78052
78035
78032
78027
78019
78010
78006
77997
77991
77978
77977
77965
77938
77862
77861
77859
77857
77852
77844
77843
77837
77827
77823
77822
77791
77781
77770
77757
77755
77735
77731
77709
77670
77659
77628
77624
77610
77600
77598
77594
77584
77578
77568
77562
77556
77551
77521
77515
77509
77507
77500
77492
77485
77479
77477
77452
77450
77445
77437
77429
77422
77405
77387
77384
77381
77378
77372
77371
77367
77358
77355
77341
77327
77319
77319
77284
77282
77267
77256
77240
77238
77217
77196
77192
77192
77170
77169
77165
77162
77155
77153
77145
77144
77124
77119
77114
77103
77102
77079
77075
77060
77059
77054
77046
77045
77033
77031
77016
77014
77007
77004
76992
76983
76968
76966
76965
76962
76953
76933
76930
76926
76921
76916
76910
76909
76892
76890
76877
76867
76843
76842
76838
76828
76819
76778
76777
76769
76762
76762
76761
76751
76748
76710
76710
76691
76688
76681
76674
76660
76623
76618
76594
76583
76577
76573
76572
76555
76539
76535
76522
76521
76496
76491
76480
76471
76461
76450
76438
76403
76395
76391
76389
76388
76387
76382
76379
76374
76373
76370
76365
76364
76361
76360
76358
76331
76307
76298
76284
76274
76270
76251
76234
76207
76178
76154
76146
76120
76115
76112
76111
76093
76092
76091
76086
76063
76056
76044
76019
76010
75982
75961
75950
75947
75934
75902
75882
75876
75876
75873
75871
75857
75850
75841
75811
75804
75792
75786
75773
75773
75764
75760
75745
75745
75742
75734
75732
75726
75718
75710
75704
75695
75694
75685
75680
75676
75675
75673
75668
75661
75651
75634
75614
75595
75577
75576
75571
75562
75550
75547
75546
75519
75518
75518
75513
75511
75510
75503
75469
75468
75463
75438
75438
75433
75424
75406
75381
75379
75378
75359
75347
75342
75329
75327
75315
75310
75307
75299
75298
75295
75283
75283
75275
75269
75266
75251
75226
75220
75212
75209
75193
75192
75183
75173
75160
75134
75132
75129
75127
75119
75101
75096
75074
75067
75065
75048
75032
75024
75023
75016
75001
74975
74966
74964
74959
74950
74947
74944
74929
74911
74911
74886
74824
74823
74800
74798
74789
74774
74771
74759
74754
74750
74740
74726
74719
74705
74674
74671
74660
74660
74650
74648
74613
74607
74606
74606
74604
74598
74574
74560
74556
74555
74554
74549
74543
74541
74535
74532
74526
74524
74518
74498
74498
74496
74495
74480
74448
74418
74403
74394
74390
74377
74367
74362
74361
74360
74330
74325
74304
74300
74298
74281
74279
74254
74252
74236
74234
74213
74201
74191
74182
74175
74173
74142
74130
74126
74124
74120
74118
74101
74100
74094
74072
74068
74067
74051
74046
74036
74026
74024
74022
74005
74004
73993
73968
73958
73947
73927
73927
73926
73926
73921
73914
73897
73884
73881
73876
73868
73857
73840
73836
73836
73822
73816
73791
73790
73775
73772
73759
73753
73752
73728
73728
73717
73705
73696
73690
73688
73674
73657
73650
73646
73625
73617
73615
73597
73597
73591
73589
73586
73578
73567
73557
73529
73528
73514
73493
73484
73482
73479
73479
73470
73444
73444
73422
73400
73392
73388
73379
73372
73370
73369
73352
73352
73347
73340
73333
73330
73317
73289
73281
73281
73273
73256
73235
73206
73204
73183
73177
73164
73153
73142
73115
73104
73100
73068
73056
73054
73046
73039
73029
73018
73009
73004
73001
72987
72979
72974
72974
72973
72958
72927
72906
72902
72895
72864
72861
72847
72827
72817
72813
72808
72801
72798
72763
72748
72745
72745
72731
72730
72727
72725
72724
72720
72715
72714
72707
72702
72698
72696
72686
72681
72672
72668
72655
72642
72642
72639
72638
72628
72626
72621
72611
72602
72585
72574
72548
72545
72526
72525
72523
72520
72515
72508
72498
72498
72492
72488
72487
72484
72479
72479
72462
72456
72437
72400
72395
72387
72381
72380
72366
72363
72361
72360
72358
72349
72343
72339
72330
72327
72323
72292
72286
72282
72269
72265
72264
72255
72245
72219
72204
72193
72171
72156
72146
72136
72109
72108
72106
72098
72093
72089
72082
72081
72081
72079
72045
72044
72031
72027
72025
71990
71988
71968
71961
71935
71932
71926
71925
71925
71906
71901
71896
71889
71877
71865
71864
71846
71839
71838
71837
71829
71828
71826
71826
71825
71815
71789
71748
71730
71727
71683
71633
71631
71600
71589
71585
71579
71574
71572
71563
71550
71548
71541
71524
71517
71480
71474
71460
71458
71453
71445
71445
71434
71422
71416
71411
71410
71410
71405
71370
71366
71359
71355
71347
71346
71342
71331
71297
71284
71279
71279
71266
71248
71242
71237
71234
71225
71223
71220
71207
71205
71200
71168
71156
71127
71107
71106
71068
71044
71041
71030
71021
71021
71013
71011
70972
70964
70962
70956
70949
70935
70932
70930
70920
70903
70899
70884
70884
70875
70874
70868
70865
70856
70805
70793
70782
70781
70767
70754
70740
70738
70713
70702
70664
70663
70639
70638
70622
70603
70590
70568
70558
70546
70539
70536
70533
70520
70508
70499
70497
70486
70480
70479
70460
70444
70430
70427
70410
70398
70373
70372
70364
70352
70345
70323
70322
70300
70289
70278
70273
70266
70265
70239
70220
70207
70199
70196
70193
70189
70187
70176
70146
70136
70129
70128
70125
70120
70116
70113
70095
70061
70060
70046
70030
70020
69989
69953
69940
69937
69935
69926
69922
69921
69909
69908
69903
69888
69866
69852
69831
69830
69829
69828
69763
69747
69741
69739
69738
69735
69730
69729
69710
69701
69688
69660
69657
69648
69647
69619
69615
69614
69607
69605
69573
69560
69552
69513
69513
69511
69501
69482
69480
69479
69472
69471
69471
69463
69440
69438
69434
69414
69409
69409
69407
69401
69396
69389
69373
69354
69342
69324
69296
69291
69290
69270
69256
69247
69239
69239
69239
69232
69232
69221
69213
69201
69195
69192
69183
69181
69172
69165
69158
69143
69141
69139
69126
69102
69080
69071
69069
69064
69063
69063
69043
68951
68936
68924
68921
68911
68908
68905
68895
68893
68883
68875
68852
68840
68818
68817
68806
68796
68795
68788
68788
68781
68780
68772
68768
68767
68757
68734
68707
68679
68675
68668
68664
68658
68656
68651
68649
68643
68614
68613
68597
68594
68580
68578
68574
68556
68553
68548
68525
68516
68507
68464
68450
68446
68440
68438
68428
68412
68402
68391
68388
68379
68377
68357
68352
68344
68323
68319
68313
68309
68304
68257
68252
68248
68247
68234
68233
68230
68224
68223
68222
68207
68203
68176
68164
68159
68142
68134
68121
68107
68101
68063
68048
68036
68034
68031
68028
68025
68020
68014
68002
68001
67993
67987
67985
67974
67966
67953
67946
67921
67921
67921
67901
67898
67882
67878
67862
67862
67838
67833
67831
67828
67824
67808
67807
67792
67790
67764
67735
67735
67725
67691
67685
67684
67683
67639
67638
67631
67627
67611
67607
67580
67579
67578
67576
67557
67555
67535
67533
67525
67494
67493
67484
67481
67480
67476
67476
67469
67460
67455
67443
67441
67435
67433
67414
67396
67385
67379
67376
67368
67361
67353
67321
67315
67307
67274
67244
67221
67209
67208
67196
67179
67154
67150
67140
67140
67134
67124
67110
67110
67106
67098
67097
67097
67093
67083
67076
67070
67029
67003
66996
66983
66956
66938
66938
66932
66931
66929
66907
66906
66898
66878
66869
66854
66822
66807
66801
66798
66787
66778
66775
66752
66744
66735
66706
66703
66702
66700
66686
66675
66666
66664
66659
66657
66655
66639
66635
66603
66584
66584
66579
66557
66534
66532
66521
66513
66500
66498
66497
66481
66474
66469
66459
66457
66392
66385
66373
66368
66351
66344
66342
66333
66320
66313
66311
66292
66286
66284
66272
66268
66253
66246
66219
66216
66213
66208
66192
66178
66154
66143
66134
66133
66132
66125
66107
66099
66052
66035
66028
66022
66007
66000
65997
65997
65987
65984
65977
65974
65968
65954
65954
65941
65940
65933
65920
65901
65899
65871
65852
65845
65843
65832
65822
65817
65806
65788
65787
65762
65759
65748
65742
65739
65728
65698
65683
65680
65656
65650
65645
65642
65641
65640
65635
65627
65623
65618
65616
65613
65607
65601
65588
65578
65578
65570
65555
65544
65531
65529
65523
65513
65507
65492
65483
65482
65471
65466
65462
65454
65449
65445
65434
65418
65406
65403
65393
65391
65385
65379
65372
65363
65362
65360
65340
65334
65325
65318
65313
65313
65294
65277
65276
65264
65254
65216
65189
65155
65145
65125
65116
65115
65112
65095
65088
65081
65079
65079
65063
65049
65046
65027
65011
65000
64995
64946
64922
64892
64888
64884
64877
64867
64865
64864
64862
64850
64793
64786
64759
64736
64727
64723
64714
64697
64691
64677
64671
64670
64669
64664
64644
64642
64639
64633
64628
64618
64613
64605
64597
64587
64576
64570
64558
64554
64538
64530
64528
64522
64518
64515
64504
64493
64469
64461
64456
64454
64438
64425
64421
64414
64403
64398
64390
64371
64366
64355
64348
64342
64340
64310
64268
64266
64260
64249
64233
64231
64220
64214
64214
64211
64195
64190
64188
64150
64141
64096
64091
64082
64079
64075
64069
64062
64061
64061
64037
64033
64032
64030
64016
63997
63996
63970
63958
63946
63933
63917
63904
63896
63873
63847
63821
63821
63817
63804
63801
63796
63791
63788
63787
63763
63762
63760
63756
63753
63743
63741
63713
63710
63705
63678
63673
63670
63669
63635
63627
63618
63617
63587
63580
63572
63555
63552
63542
63533
63526
63523
63521
63504
63489
63488
63484
63477
63465
63454
63447
63430
63420
63412
63411
63411
63396
63394
63370
63364
63358
63350
63344
63325
63319
63312
63304
63273
63269
63267
63262
63256
63251
63250
63217
63215
63213
63188
63185
63174
63169
63164
63155
63151
63127
63124
63124
63115
63111
63111
63100
63047
63016
63015
63011
62977
62969
62955
62947
62932
62918
62912
62910
62886
62865
62861
62849
62843
62821
62813
62809
62790
62773
62772
62763
62757
62751
62734
62731
62730
62720
62713
62713
62706
62678
62670
62656
62647
62642
62638
62620
62620
62605
62601
62594
62592
62586
62577
62570
62561
62557
62546
62523
62518
62502
62500
62482
62477
62453
62447
62446
62439
62437
62401
62398
62357
62354
62352
62342
62322
62304
62291
62280
62268
62243
62238
62204
62201
62198
62189
62166
62162
62155
62120
62106
62079
62048
62042
62023
62013
62001
61992
61983
61971
61970
61966
61946
61946
61937
61934
61930
61922
61921
61917
61870
61854
61852
61839
61829
61827
61824
61814
61810
61810
61809
61776
61771
61770
61769
61751
61745
61742
61728
61721
61721
61717
61708
61705
61695
61684
61667
61665
61665
61659
61645
61637
61633
61625
61615
61604
61585
61577
61573
61572
61571
61567
61560
61555
61540
61522
61521
61519
61483
61471
61461
61447
61445
61442
61437
61434
61421
61419
61389
61381
61359
61352
61345
61329
61321
61292
61286
61275
61262
61229
61214
61211
61210
61209
61198
61176
61172
61158
61131
61129
61121
61115
61115
61112
61101
61084
61081
61065
61065
61049
61042
61032
61023
61021
61020
61015
61007
61006
61001
61000
60973
60970
60967
60963
60962
60954
60944
60925
60903
60900
60884
60880
60871
60867
60855
60853
60846
60834
60825
60796
60796
60787
60767
60767
60764
60739
60719
60709
60701
60700
60694
60685
60685
60683
60671
60664
60643
60637
60628
60614
60613
60583
60567
60559
60556
60548
60543
60536
60519
60513
60511
60495
60492
60487
60466
60450
60438
60429
60426
60423
60420
60405
60403
60400
60397
60393
60380
60375
60365
60362
60356
60338
60337
60333
60324
60317
60315
60314
60301
60279
60276
60267
60264
60236
60225
60215
60191
60186
60186
60174
60160
60156
60145
60141
60121
60099
60081
60073
60066
60038
60028
60027
59996
59988
59962
59956
59945
59937
59937
59937
59915
59914
59911
59876
59857
59856
59844
59816
59813
59809
59802
59799
59784
59768
59765
59749
59747
59739
59724
59724
59715
59703
59687
59667
59650
59644
59640
59639
59634
59627
59626
59617
59616
59608
59599
59588
59572
59562
59559
59556
59551
59539
59537
59517
59510
59496
59495
59480
59465
59464
59461
59458
59456
59444
59442
59441
59440
59437
59428
59398
59396
59391
59370
59336
59333
59318
59281
59267
59220
59188
59186
59183
59177
59176
59172
59135
59132
59127
59122
59119
59107
59092
59075
59065
59063
59061
59058
59046
59045
59033
59032
59024
58952
58928
58921
58916
58909
58906
58904
58892
58892
58890
58877
58875
58874
58872
58865
58861
58830
58816
58797
58761
58752
58750
58744
58735
58724
58719
58709
58699
58694
58661
58614
58605
58595
58571
58561
58552
58533
58530
58513
58496
58494
58494
58493
58453
58446
58434
58431
58419
58397
58395
58366
58360
58354
58345
58335
58308
58305
58300
58286
58285
58260
58246
58241
58240
58238
58234
58232
58231
58216
58212
58211
58208
58201
58169
58166
58166
58147
58146
58141
58137
58131
58103
58098
58083
58036
58031
58009
57997
57990
57970
57968
57946
57936
57911
57890
57874
57846
57838
57822
57815
57807
57805
57768
57767
57765
57744
57740
57728
57720
57720
57718
57704
57680
57676
57652
57648
57629
57618
57609
57595
57589
57585
57579
57578
57571
57556
57556
57551
57547
57541
57529
57527
57506
57506
57477
57457
57455
57435
57434
57427
57426
57403
57401
57376
57370
57365
57357
57343
57341
57327
57323
57319
57305
57289
57284
57266
57249
57237
57230
57226
57218
57217
57204
57203
57200
57194
57190
57172
57157
57150
57102
57101
57100
57099
57072
57064
57059
57043
57035
57033
57030
57005
56998
56996
56983
56982
56980
56973
56955
56953
56939
56928
56925
56913
56907
56903
56897
56895
56881
56878
56869
56866
56852
56850
56827
56820
56816
56793
56787
56783
56759
56754
56738
56726
56723
56707
56707
56697
56679
56654
56650
56635
56619
56616
56612
56606
56605
56584
56579
56560
56538
56533
56531
56529
56529
56527
56509
56500
56493
56478
56456
56454
56446
56441
56433
56428
56420
56419
56418
56400
56388
56382
56375
56370
56325
56279
56277
56270
56270
56261
56209
56194
56175
56147
56147
56135
56129
56128
56107
56090
56087
56075
56061
56059
56049
56026
56024
56012
56011
56011
56010
56009
55997
55990
55985
55983
55982
55978
55951
55950
55945
55939
55932
55932
55923
55921
55892
55866
55834
55813
55811
55806
55774
55770
55766
55765
55740
55730
55716
55713
55704
55640
55625
55608
55605
55604
55601
55596
55590
55579
55576
55575
55557
55533
55514
55500
55494
55492
55475
55474
55474
55459
55448
55437
55422
55403
55373
55366
55357
55349
55342
55338
55333
55327
55308
55302
55287
55280
55254
55232
55227
55225
55219
55202
55199
55198
55186
55169
55164
55157
55147
55138
55130
55130
55118
55105
55090
55078
55053
55042
55034
55016
54991
54971
54935
54932
54916
54908
54898
54897
54885
54857
54825
54810
54810
54797
54792
54784
54774
54756
54748
54745
54744
54730
54719
54718
54713
54708
54703
54699
54688
54675
54649
54633
54624
54613
54609
54603
54593
54551
54529
54528
54491
54475
54473
54463
54453
54449
54437
54433
54428
54423
54411
54405
54400
54388
54376
54372
54361
54358
54353
54348
54310
54271
54268
54237
54226
54225
54223
54218
54214
54195
54191
54187
54152
54144
54135
54112
54109
54102
54094
54088
54085
54076
54072
54069
54066
54066
54054
54048
54036
54014
54010
54010
54004
53999
53994
53988
53972
53971
53963
53938
53922
53914
53895
53889
53881
53877
53876
53870
53867
53866
53858
53854
53852
53844
53817
53813
53811
53799
53798
53785
53777
53775
53760
53755
53749
53721
53717
53715
53709
53695
53695
53694
53691
53682
53675
53663
53663
53645
53642
53641
53611
53611
53599
53594
53585
53581
53576
53575
53559
53558
53546
53545
53542
53542
53535
53509
53492
53477
53467
53463
53448
53437
53427
53417
53405
53401
53377
53371
53361
53360
53308
53304
53297
53287
53286
53268
53261
53252
53243
53238
53224
53218
53211
53211
53184
53169
53140
53129
53129
53127
53108
53092
53089
53088
53077
53072
53052
53049
53031
53021
53007
52993
52974
52968
52968
52951
52932
52925
52919
52913
52909
52905
52850
52847
52836
52832
52831
52821
52805
52797
52778
52774
52770
52762
52751
52746
52745
52742
52701
52685
52684
52681
52676
52652
52651
52649
52640
52637
52615
52613
52611
52610
52604
52604
52590
52577
52565
52532
52494
52484
52482
52479
52478
52467
52466
52464
52454
52453
52450
52443
52438
52410
52404
52403
52395
52388
52383
52363
52358
52350
52349
52345
52341
52317
52309
52297
52281
52270
52268
52261
52256
52244
52238
52237
52229
52225
52211
52208
52172
52165
52149
52145
52132
52125
52120
52117
52114
52105
52105
52097
52094
52089
52084
52082
52078
52078
52076
52074
52069
52030
52023
52018
52002
51987
51974
51972
51966
51954
51942
51940
51938
51934
51922
51916
51899
51896
51882
51869
51860
51858
51853
51841
51821
51816
51806
51799
51789
51769
51740
51730
51719
51703
51700
51690
51686
51683
51650
51636
51633
51616
51608
51606
51596
51567
51557
51556
51545
51533
51508
51505
51503
51500
51492
51483
51456
51444
51442
51440
51424
51422
51410
51405
51369
51362
51360
51351
51326
51323
51316
51309
51301
51273
51267
51263
51258
51252
51248
51236
51233
51223
51208
51197
51193
51190
51181
51139
51109
51106
51072
51071
51060
51058
51045
50991
50989
50987
50984
50973
50965
50964
50962
50943
50924
50913
50896
50888
50885
50871
50871
50843
50835
50826
50803
50800
50747
50744
50739
50724
50717
50711
50704
50697
50693
50672
50671
50664
50645
50643
50641
50629
50625
50624
50612
50610
50601
50586
50577
50571
50566
50563
50550
50542
50537
50503
50496
50476
50468
50466
50462
50460
50455
50454
50451
50449
50444
50426
50407
50390
50377
50370
50355
50337
50321
50317
50315
50299
50282
50271
50266
50263
50256
50232
50204
50203
50203
50196
50158
50158
50154
50153
50152
50144
50133
50094
50093
50051
50046
50044
50043
50037
50018
50002
50002
49999
49995
49994
49986
49957
49953
49951
49946
49945
49944
49937
49933
49914
49880
49880
49879
49866
49866
49864
49854
49824
49813
49812
49811
49803
49789
49758
49755
49744
49740
49732
49721
49711
49699
49697
49688
49674
49650
49649
49610
49597
49574
49574
49570
49556
49552
49549
49545
49540
49526
49523
49523
49514
49503
49501
49479
49476
49427
49426
49419
49413
49405
49400
49398
49398
49398
49381
49372
49367
49366
49356
49343
49343
49341
49304
49299
49269
49269
49259
49251
49240
49239
49224
49214
49205
49184
49164
49141
49133
49116
49096
49083
49080
49060
49054
49054
49050
49049
49045
49044
49022
49021
49013
49007
48996
48983
48979
48966
48965
48957
48955
48940
48940
48934
48930
48927
48899
48891
48861
48847
48835
48831
48815
48811
48787
48770
48765
48763
48750
48731
48728
48723
48694
48686
48685
48681
48677
48663
48655
48641
48617
48615
48608
48584
48572
48560
48557
48537
48525
48525
48520
48519
48495
48481
48475
48449
48429
48427
48426
48407
48401
48392
48391
48383
48381
48376
48375
48370
48367
48356
48329
48321
48319
48298
48291
48274
48247
48245
48234
48229
48225
48218
48216
48214
48179
48178
48161
48158
48152
48139
48125
48116
48115
48109
48095
48088
48085
48085
48083
48077
48074
48069
48068
48063
48059
48055
48027
48026
48011
48000
47998
47997
47989
47985
47981
47968
47955
47939
47922
47922
47920
47915
47911
47896
47886
47886
47884
47874
47870
47868
47855
47836
47823
47801
47801
47799
47785
47777
47776
47760
47755
47744
47738
47723
47689
47686
47678
47661
47628
47627
47619
47606
47605
47598
47596
47595
47595
47588
47565
47545
47529
47525
47512
47512
47508
47484
47480
47475
47452
47450
47446
47446
47432
47431
47417
47397
47396
47386
47380
47369
47351
47332
47328
47323
47306
47302
47301
47297
47291
47291
47290
47267
47253
47243
47236
47221
47201
47201
47196
47192
47190
47185
47166
47164
47163
47145
47127
47117
47110
47108
47089
47078
47067
47063
47060
47047
47037
47008
46990
46985
46941
46934
46931
46928
46914
46889
46879
46853
46849
46832
46810
46786
46777
46772
46755
46746
46734
46730
46721
46718
46718
46715
46708
46696
46682
46671
46659
46659
46651
46650
46621
46612
46608
46607
46597
46586
46585
46582
46572
46571
46558
46556
46538
46536
46535
46525
46506
46486
46475
46446
46416
46359
46342
46338
46300
46297
46281
46244
46235
46233
46221
46219
46185
46175
46168
46165
46165
46161
46157
46149
46139
46135
46126
46121
46108
46106
46073
46070
46053
46036
46025
46013
46008
46002
45998
45998
45998
45994
45976
45947
45942
45899
45894
45893
45882
45876
45859
45853
45825
45824
45821
45820
45813
45813
45811
45782
45774
45761
45759
45743
45718
45715
45710
45700
45672
45660
45641
45618
45608
45605
45600
45596
45591
45575
45563
45553
45549
45544
45523
45522
45514
45509
45507
45502
45478
45452
45437
45434
45426
45422
45406
45388
45383
45374
45372
45358
45342
45341
45328
45328
45325
45291
45282
45280
45276
45274
45272
45270
45252
45250
45248
45226
45225
45221
45209
45207
45196
45186
45171
45154
45151
45142
45140
45135
45124
45118
45105
45075
45060
45058
45057
45057
45055
45049
45031
45009
45004
45001
45001
44999
44984
44977
44967
44964
44957
44932
44906
44896
44889
44861
44857
44850
44845
44844
44839
44838
44830
44824
44813
44806
44785
44768
44767
44732
44721
44720
44706
44699
44672
44645
44637
44618
44613
44609
44599
44584
44583
44573
44543
44540
44517
44499
44497
44495
44494
44491
44489
44478
44467
44461
44449
44449
44448
44434
44434
44401
44400
44395
44360
44355
44339
44322
44321
44312
44311
44309
44302
44294
44276
44268
44267
44236
44213
44204
44198
44181
44176
44174
44161
44142
44126
44113
44113
44107
44097
44095
44091
44088
44083
44073
44054
44053
44042
44039
44035
44015
43988
43966
43965
43962
43953
43936
43931
43927
43916
43915
43904
43902
43901
43896
43868
43865
43852
43840
43837
43835
43825
43813
43807
43790
43768
43768
43740
43728
43718
43713
43695
43675
43672
43659
43657
43647
43623
43623
43596
43592
43584
43577
43564
43556
43528
43513
43503
43495
43485
43483
43479
43451
43447
43429
43414
43391
43391
43386
43369
43355
43352
43348
43345
43340
43330
43321
43320
43309
43300
43296
43286
43278
43268
43261
43249
43246
43240
43233
43232
43214
43213
43206
43200
43200
43188
43187
43176
43151
43140
43132
43125
43115
43113
43110
43103
43095
43078
43075
43064
43058
43053
43043
43036
43032
43027
43024
43020
43017
43011
43006
42958
42957
42955
42946
42926
42919
42908
42904
42894
42872
42858
42845
42841
42836
42821
42820
42809
42807
42802
42775
42771
42765
42740
42733
42731
42722
42709
42677
42671
42666
42662
42658
42654
42632
42629
42627
42625
42610
42608
42550
42543
42533
42533
42516
42512
42501
42496
42483
42453
42447
42418
42409
42406
42403
42402
42396
42388
42381
42378
42377
42373
42369
42366
42353
42337
42334
42323
42310
42279
42278
42268
42264
42257
42223
42220
42210
42182
42176
42160
42147
42136
42135
42133
42126
42108
42088
42083
42055
42041
42040
42029
42017
42001
41990
41990
41968
41960
41960
41945
41942
41929
41929
41894
41868
41863
41837
41834
41827
41820
41814
41805
41799
41770
41770
41746
41737
41732
41730
41720
41715
41711
41711
41708
41664
41652
41648
41646
41644
41640
41625
41609
41606
41604
41604
41601
41600
41539
41536
41524
41507
41504
41503
41501
41492
41480
41462
41455
41437
41423
41407
41402
41398
41387
41379
41363
41342
41331
41311
41295
41288
41283
41274
41244
41219
41207
41196
41144
41130
41130
41114
41106
41094
41092
41090
41085
41081
41076
41071
41057
41047
41036
41032
40994
40979
40943
40935
40930
40923
40923
40914
40906
40873
40864
40863
40860
40846
40837
40835
40833
40830
40827
40820
40812
40802
40801
40800
40792
40780
40767
40754
40747
40741
40740
40726
40707
40706
40696
40679
40657
40649
40639
40625
40596
40587
40556
40553
40550
40529
40522
40496
40493
40480
40472
40463
40461
40445
40423
40357
40337
40330
40317
40316
40292
40273
40271
40267
40253
40230
40219
40217
40213
40208
40163
40144
40140
40133
40103
40084
40078
40060
40060
40058
40058
40057
40046
40044
40043
40026
40023
40017
40010
40009
40006
39984
39966
39951
39946
39934
39918
39908
39896
39886
39879
39869
39866
39863
39862
39852
39845
39841
39833
39832
39832
39822
39808
39801
39795
39790
39789
39785
39762
39756
39746
39741
39737
39732
39729
39727
39721
39709
39700
39697
39681
39675
39663
39630
39606
39594
39586
39552
39539
39523
39523
39508
39507
39503
39503
39497
39491
39489
39468
39456
39442
39440
39435
39432
39431
39419
39419
39417
39417
39412
39407
39396
39393
39388
39384
39366
39360
39347
39321
39314
39301
39282
39274
39273
39245
39235
39230
39226
39220
39192
39185
39185
39174
39156
39142
39139
39128
39121
39117
39101
39099
39093
39092
39085
39078
39055
39046
39034
38999
38995
38974
38930
38908
38875
38861
38856
38856
38853
38833
38822
38812
38772
38762
38736
38728
38720
38712
38710
38690
38683
38680
38678
38664
38620
38600
38584
38578
38570
38556
38553
38548
38537
38536
38524
38523
38511
38511
38505
38498
38487
38481
38478
38471
38461
38453
38409
38408
38401
38389
38357
38350
38348
38348
38322
38319
38314
38272
38268
38263
38250
38244
38237
38233
38216
38206
38193
38186
38185
38181
38177
38165
38132
38117
38117
38110
38109
38107
38105
38081
38077
38059
38031
38024
38018
38013
37996
37992
37992
37982
37982
37960
37948
37920
37911
37908
37899
37893
37889
37888
37883
37865
37837
37831
37828
37825
37811
37788
37781
37781
37753
37729
37727
37716
37711
37711
37699
37692
37682
37680
37680
37674
37667
37655
37652
37633
37632
37630
37630
37610
37591
37582
37576
37558
37552
37540
37538
37530
37460
37457
37419
37388
37386
37382
37372
37333
37321
37320
37320
37313
37313
37310
37310
37278
37264
37263
37252
37251
37223
37218
37214
37211
37186
37177
37149
37145
37137
37126
37125
37121
37118
37115
37098
37096
37087
37071
37064
37064
37063
37057
37054
37040
37029
37006
37001
36997
36991
36974
36962
36958
36956
36952
36950
36947
36946
36939
36929
36899
36887
36881
36878
36873
36857
36842
36802
36797
36789
36783
36778
36755
36747
36746
36742
36739
36723
36723
36713
36707
36698
36695
36692
36683
36678
36675
36673
36673
36666
36665
36661
36653
36646
36640
36640
36633
36617
36615
36609
36593
36591
36571
36569
36551
36538
36509
36506
36491
36470
36470
36455
36449
36436
36428
36427
36418
36415
36412
36400
36374
36368
36365
36358
36354
36352
36324
36319
36319
36299
36293
36292
36290
36287
36279
36269
36263
36263
36245
36221
36196
36181
36172
36160
36160
36158
36157
36151
36145
36144
36140
36135
36123
36110
36104
36086
36086
36062
36038
36033
36023
36007
35982
35960
35950
35939
35924
35913
35912
35909
35907
35906
35897
35875
35870
35849
35845
35843
35839
35823
35819
35819
35817
35798
35778
35754
35750
35744
35740
35738
35729
35724
35721
35704
35690
35683
35672
35658
35650
35643
35624
35618
35605
35591
35563
35560
35556
35547
35529
35519
35508
35502
35500
35494
35480
35476
35474
35469
35454
35438
35430
35429
35424
35420
35409
35404
35400
35390
35382
35378
35366
35347
35338
35338
35333
35333
35325
35316
35309
35301
35284
35263
35253
35251
35245
35238
35217
35211
35189
35184
35142
35142
35136
35121
35118
35118
35108
35061
35059
35007
34992
34983
34979
34975
34973
34967
34964
34964
34950
34946
34936
34936
34934
34927
34925
34922
34920
34904
34900
34898
34898
34879
34872
34869
34868
34857
34856
34854
34854
34838
34834
34827
34823
34802
34799
34794
34782
34777
34739
34735
34731
34720
34719
34708
34645
34626
34616
34606
34602
34585
34554
34554
34554
34541
34541
34538
34536
34504
34502
34492
34450
34449
34449
34442
34429
34428
34425
34423
34413
34409
34394
34387
34384
34355
34353
34342
34323
34319
34313
34288
34288
34247
34241
34218
34218
34197
34194
34182
34177
34176
34149
34136
34128
34125
34118
34108
34095
34085
34083
34056
34042
34039
34035
34008
34005
34002
34000
33999
33985
33959
33958
33955
33941
33920
33905
33887
33881
33850
33841
33839
33826
33818
33815
33809
33789
33771
33760
33759
33734
33728
33721
33680
33672
33647
33611
33605
33579
33578
33567
33561
33561
33559
33554
33545
33540
33536
33520
33517
33514
33496
33468
33454
33453
33410
33381
33380
33377
33362
33360
33359
33337
33336
33322
33303
33300
33296
33292
33281
33266
33264
33261
33257
33250
33229
33229
33221
33215
33197
33192
33167
33159
33154
33152
33147
33123
33122
33091
33082
33081
33080
33065
33050
33040
33032
33021
33010
32996
32956
32920
32919
32919
32917
32903
32899
32884
32880
32877
32871
32860
32851
32833
32832
32829
32812
32809
32798
32789
32786
32758
32738
32737
32729
32717
32714
32710
32709
32709
32703
32687
32682
32665
32664
32634
32608
32603
32602
32600
32594
32592
32584
32578
32577
32574
32572
32568
32566
32552
32549
32547
32545
32545
32545
32538
32515
32508
32495
32467
32425
32403
32401
32388
32386
32386
32371
32369
32357
32353
32349
32345
32336
32334
32331
32330
32321
32320
32306
32304
32300
32297
32296
32290
32285
32271
32266
32264
32238
32234
32226
32223
32209
32186
32186
32182
32178
32175
32159
32153
32134
32133
32103
32091
32082
32069
32068
32063
32061
32058
32057
32047
32041
32040
32036
32026
31977
31971
31968
31951
31951
31944
31932
31930
31929
31925
31914
31899
31898
31874
31858
31825
31810
31806
31798
31797
31790
31784
31774
31771
31770
31765
31741
31727
31724
31722
31714
31693
31690
31684
31681
31670
31652
31650
31639
31636
31622
31617
31603
31590
31564
31553
31549
31548
31544
31538
31537
31531
31531
31530
31530
31528
31509
31501
31492
31489
31488
31482
31465
31447
31443
31428
31419
31408
31393
31370
31362
31358
31353
31351
31350
31333
31333
31326
31306
31295
31273
31272
31263
31255
31233
31221
31220
31219
31219
31217
31205
31198
31197
31191
31163
31158
31154
31153
31149
31101
31100
31092
31080
31075
31069
31067
31057
31035
31026
31026
31018
31008
31007
30993
30978
30974
30938
30936
30924
30922
30920
30918
30909
30903
30893
30891
30884
30878
30872
30870
30864
30856
30849
30801
30800
30777
30768
30766
30756
30744
30737
30729
30728
30719
30718
30716
30709
30699
30691
30667
30662
30660
30659
30653
30602
30600
30598
30582
30579
30563
30559
30556
30528
30520
30483
30479
30477
30475
30466
30458
30445
30436
30429
30407
30398
30396
30395
30387
30361
30341
30326
30312
30308
30306
30303
30297
30285
30281
30259
30252
30242
30241
30227
30218
30213
30211
30209
30191
30187
30172
30162
30150
30143
30140
30139
30138
30132
30129
30105
30100
30098
30097
30089
30076
30067
30044
30020
30007
30004
30004
29996
29992
29988
29987
29983
29973
29921
29913
29912
29905
29901
29893
29883
29882
29840
29834
29819
29812
29786
29767
29763
29757
29750
29732
29730
29727
29706
29677
29642
29630
29611
29600
29583
29579
29563
29562
29560
29556
29553
29549
29539
29538
29531
29521
29501
29500
29494
29477
29460
29441
29436
29418
29417
29407
29405
29384
29365
29356
29353
29351
29346
29344
29334
29332
29331
29316
29303
29270
29269
29251
29250
29223
29220
29202
29195
29169
29168
29167
29160
29159
29142
29136
29136
29127
29127
29124
29109
29095
29071
29055
29031
29031
29021
28996
28995
28978
28958
28954
28936
28930
28881
28874
28869
28865
28860
28856
28851
28848
28828
28819
28813
28807
28799
28785
28782
28779
28767
28759
28753
28741
28727
28712
28685
28681
28661
28632
28626
28621
28615
28602
28596
28595
28585
28577
28571
28568
28530
28492
28481
28449
28431
28427
28426
28421
28395
28390
28380
28375
28373
28359
28350
28349
28321
28284
28234
28223
28201
28193
28187
28181
28165
28117
28116
28108
28091
28081
28071
28065
28046
28033
28023
28015
28015
28014
28003
28000
27972
27963
27959
27947
27937
27934
27928
27895
27889
27888
27881
27863
27858
27856
27832
27826
27822
27820
27818
27813
27810
27801
27799
27798
27796
27792
27779
27774
27773
27757
27755
27734
27722
27719
27699
27695
27689
27689
27668
27665
27663
27663
27651
27649
27645
27605
27599
27584
27580
27575
27552
27551
27515
27513
27501
27499
27496
27472
27465
27464
27449
27440
27436
27434
27433
27430
27426
27419
27401
27400
27389
27381
27378
27364
27301
27297
27285
27279
27266
27266
27261
27237
27228
27225
27222
27218
27201
27188
27183
27172
27143
27130
27122
27119
27108
27093
27090
27086
27086
27079
27067
27048
27046
27041
27038
27026
27019
26965
26942
26939
26927
26910
26905
26903
26896
26871
26868
26865
26863
26863
26852
26842
26836
26835
26835
26824
26807
26771
26760
26760
26759
26759
26755
26739
26721
26720
26713
26709
26702
26695
26690
26687
26684
26672
26670
26669
26647
26630
26604
26596
26584
26582
26567
26550
26544
26544
26522
26521
26505
26478
26420
26413
26390
26383
26377
26372
26367
26299
26295
26293
26280
26272
26268
26264
26257
26252
26233
26223
26218
26216
26212
26211
26184
26179
26171
26164
26146
26110
26102
26067
26041
26033
26032
26019
26010
26008
26005
25999
25989
25989
25971
25947
25946
25945
25928
25914
25912
25911
25886
25883
25882
25881
25872
25840
25837
25827
25818
25816
25777
25775
25774
25769
25756
25736
25723
25719
25711
25684
25676
25674
25671
25668
25662
25658
25637
25636
25611
25601
25586
25581
25573
25553
25543
25541
25534
25534
25530
25513
25508
25507
25502
25486
25476
25469
25462
25457
25455
25449
25448
25445
25445
25416
25410
25409
25409
25405
25402
25386
25378
25361
25360
25355
25353
25352
25347
25347
25346
25336
25333
25308
25304
25289
25284
25279
25279
25275
25270
25250
25239
25210
25206
25203
25192
25181
25179
25178
25175
25169
25159
25156
25141
25125
25112
25109
25088
25084
25076
25066
25050
25046
25042
25034
25027
25015
25014
25009
25007
25006
24999
24990
24975
24974
24968
24963
24958
24945
24944
24938
24936
24921
24914
24900
24885
24884
24883
24840
24838
24828
24824
24814
24811
24808
24796
24790
24786
24783
24778
24762
24752
24710
24697
24697
24663
24662
24658
24649
24649
24639
24636
24622
24619
24613
24613
24595
24574
24568
24539
24527
24522
24521
24519
24492
24490
24489
24484
24467
24464
24458
24434
24409
24406
24396
24383
24380
24379
24365
24360
24350
24349
24341
24338
24338
24332
24329
24312
24294
24281
24268
24255
24248
24237
24237
24207
24203
24196
24187
24167
24160
24146
24132
24124
24123
24098
24063
24057
24055
24055
24029
24023
24017
24013
24010
24008
24005
23996
23960
23929
23925
23922
23917
23913
23891
23873
23860
23857
23851
23846
23838
23819
23805
23778
23765
23763
23739
23727
23721
23704
23691
23685
23653
23645
23631
23630
23627
23617
23615
23605
23603
23602
23602
23591
23584
23555
23552
23541
23540
23539
23532
23529
23519
23515
23510
23499
23499
23483
23482
23471
23470
23451
23450
23446
23445
23438
23438
23437
23427
23422
23390
23385
23375
23370
23370
23361
23344
23339
23338
23336
23320
23316
23309
23297
23282
23277
23254
23201
23193
23190
23178
23171
23167
23160
23160
23136
23132
23130
23124
23117
23115
23113
23105
23087
23081
23074
23072
23071
23064
23064
23062
23055
23034
23034
23025
23009
22998
22993
22992
22982
22973
22968
22964
22927
22924
22901
22893
22885
22879
22868
22814
22811
22799
22766
22760
22731
22717
22713
22712
22712
22710
22709
22706
22698
22693
22680
22673
22673
22655
22643
22624
22610
22603
22602
22596
22587
22581
22572
22567
22567
22548
22541
22540
22536
22528
22518
22515
22511
22499
22485
22485
22484
22473
22466
22456
22456
22454
22440
22429
22406
22396
22378
22376
22340
22333
22331
22324
22320
22304
22291
22289
22261
22260
22257
22243
22221
22214
22209
22188
22182
22182
22132
22126
22116
22110
22109
22108
22100
22099
22077
22068
22066
22063
22059
22054
22051
22028
21970
21965
21964
21962
21949
21926
21923
21902
21888
21885
21881
21866
21852
21847
21834
21832
21814
21789
21769
21768
21763
21755
21744
21740
21715
21711
21702
21686
21675
21672
21671
21667
21663
21657
21641
21610
21607
21606
21603
21599
21594
21594
21583
21554
21548
21540
21530
21507
21507
21469
21459
21442
21429
21417
21415
21414
21409
21400
21392
21385
21384
21373
21362
21340
21339
21330
21323
21322
21312
21301
21293
21275
21272
21259
21231
21224
21221
21200
21195
21179
21159
21158
21158
21154
21153
21148
21142
21137
21130
21125
21125
21121
21119
21097
21084
21083
21079
21064
21061
21051
21035
21007
20996
20971
20970
20959
20936
20930
20914
20909
20905
20894
20889
20888
20887
20886
20872
20861
20860
20815
20809
20791
20789
20760
20732
20720
20712
20710
20703
20646
20643
20612
20604
20591
20589
20582
20580
20567
20549
20530
20523
20513
20506
20505
20504
20502
20502
20501
20485
20475
20469
20466
20443
20435
20423
20422
20417
20416
20415
20370
20357
20347
20333
20325
20322
20320
20300
20300
20295
20293
20283
20268
20263
20260
20255
20233
20226
20220
20200
20194
20194
20162
20151
20122
20119
20119
20114
20096
20089
20048
20033
20031
20003
19983
19970
19969
19963
19930
19925
19901
19875
19869
19869
19862
19850
19822
19822
19790
19771
19753
19744
19740
19737
19730
19720
19717
19715
19706
19704
19699
19691
19686
19682
19680
19648
19647
19631
19622
19617
19605
19603
19601
19582
19546
19524
19523
19513
19511
19509
19504
19496
19494
19493
19493
19490
19489
19480
19480
19477
19476
19473
19465
19434
19430
19427
19426
19424
19413
19413
19412
19408
19403
19396
19383
19382
19374
19373
19356
19356
19336
19335
19328
19302
19287
19287
19285
19276
19268
19259
19259
19258
19246
19213
19194
19187
19178
19161
19145
19120
19119
19112
19095
19094
19089
19078
19073
19071
19063
19061
19061
19051
19046
19040
19025
19016
19009
18992
18978
18974
18965
18964
18963
18911
18903
18899
18890
18874
18869
18859
18843
18814
18804
18801
18787
18782
18778
18771
18761
18726
18708
18697
18688
18683
18670
18670
18658
18656
18654
18653
18653
18633
18615
18584
18582
18571
18564
18563
18563
18557
18557
18547
18533
18527
18523
18517
18492
18488
18471
18464
18461
18443
18441
18427
18397
18392
18388
18379
18379
18370
18370
18350
18338
18336
18315
18302
18294
18289
18287
18279
18263
18255
18249
18244
18238
18229
18226
18201
18189
18187
18187
18185
18176
18157
18126
18120
18117
18115
18101
18099
18073
18073
18061
18057
18056
18046
18032
18032
18031
18031
18019
18013
18013
17998
17993
17986
17959
17943
17934
17917
17915
17913
17902
17859
17859
17847
17845
17835
17827
17825
17824
17810
17803
17799
17793
17783
17774
17772
17760
17759
17736
17723
17713
17706
17700
17677
17673
17663
17651
17646
17639
17637
17635
17634
17632
17628
17628
17626
17625
17618
17608
17606
17602
17600
17600
17596
17591
17589
17587
17585
17576
17566
17550
17543
17522
17514
17507
17505
17490
17473
17461
17457
17454
17454
17406
17402
17397
17396
17375
17363
17362
17357
17338
17336
17310
17309
17308
17290
17281
17272
17249
17239
17238
17236
17232
17225
17198
17190
17180
17170
17168
17167
17164
17160
17145
17144
17130
17130
17124
17114
17067
17059
17010
16992
16985
16984
16978
16976
16970
16964
16963
16951
16949
16927
16923
16914
16897
16892
16887
16880
16862
16860
16851
16841
16838
16815
16813
16809
16798
16790
16786
16783
16770
16769
16763
16756
16753
16748
16740
16723
16719
16719
16710
16702
16685
16684
16682
16682
16673
16653
16632
16631
16612
16598
16596
16557
16531
16531
16513
16509
16500
16492
16479
16478
16476
16475
16473
16466
16456
16455
16450
16449
16440
16421
16421
16408
16396
16390
16387
16384
16369
16368
16351
16343
16338
16319
16319
16306
16290
16263
16261
16254
16244
16243
16231
16205
16192
16185
16180
16177
16176
16152
16146
16130
16124
16121
16103
16102
16094
16085
16074
16072
16066
16060
16031
16027
16022
16019
16014
16009
15998
15988
15979
15977
15968
15955
15952
15952
15947
15943
15943
15938
15934
15931
15931
15927
15921
15917
15917
15913
15911
15906
15893
15892
15885
15877
15855
15854
15854
15839
15815
15814
15811
15790
15788
15770
15769
15751
15741
15702
15701
15688
15687
15674
15650
15650
15639
15629
15615
15611
15608
15592
15577
15537
15531
15531
15528
15519
15518
15503
15498
15495
15484
15474
15471
15462
15460
15453
15447
15431
15429
15424
15400
15368
15350
15337
15335
15332
15325
15319
15317
15311
15310
15296
15289
15286
15283
15268
15263
15244
15242
15242
15216
15206
15206
15186
15175
15169
15165
15161
15128
15113
15113
15080
15079
15079
15070
15062
15062
15053
15039
15038
15034
15026
15025
15009
15009
15004
14995
14993
14962
14933
14926
14925
14918
14914
14881
14879
14865
14861
14859
14846
14843
14840
14835
14833
14833
14832
14823
14811
14802
14800
14793
14776
14768
14758
14758
14751
14745
14745
14722
14718
14712
14709
14708
14708
14706
14699
14692
14655
14654
14635
14612
14610
14594
14575
14560
14553
14547
14545
14533
14530
14503
14500
14493
14484
14477
14469
14456
14443
14420
14413
14350
14348
14340
14311
14300
14296
14291
14286
14285
14283
14280
14265
14254
14249
14241
14234
14221
14220
14197
14195
14191
14190
14183
14176
14173
14169
14160
14159
14156
14154
14154
14131
14131
14127
14102
14097
14094
14084
14072
14052
14037
14022
14014
14012
14011
13992
13992
13964
13956
13952
13947
13945
13931
13911
13908
13894
13879
13847
13844
13842
13811
13809
13800
13790
13787
13774
13765
13748
13744
13739
13733
13721
13718
13711
13708
13704
13676
13661
13650
13649
13647
13647
13646
13623
13604
13601
13551
13543
13534
13534
13505
13494
13490
13483
13482
13479
13474
13465
13444
13444
13437
13430
13429
13428
13412
13409
13359
13358
13348
13340
13329
13324
13302
13295
13291
13287
13284
13272
13260
13250
13229
13221
13206
13205
13203
13195
13193
13193
13185
13147
13135
13135
13128
13122
13109
13102
13089
13080
13020
13013
12997
12996
12985
12984
12952
12936
12934
12915
12908
12872
12860
12857
12846
12837
12835
12807
12781
12772
12771
12763
12758
12757
12756
12754
12753
12729
12727
12709
12708
12708
12708
12684
12680
12675
12673
12664
12645
12639
12606
12599
12556
12552
12513
12491
12472
12460
12455
12451
12448
12426
12422
12420
12417
12409
12390
12388
12385
12378
12376
12355
12319
12317
12315
12308
12307
12286
12271
12266
12264
12259
12249
12235
12233
12232
12218
12218
12218
12207
12204
12204
12201
12185
12183
12141
12141
12140
12074
12063
12059
12054
12053
12016
12004
12003
11998
11994
11976
11976
11958
11951
11942
11936
11935
11911
11897
11892
11882
11870
11866
11855
11854
11851
11841
11833
11824
11806
11804
11800
11779
11774
11767
11766
11744
11744
11725
11721
11696
11689
11684
11679
11677
11636
11634
11627
11625
11624
11586
11583
11581
11580
11579
11569
11544
11488
11472
11445
11444
11442
11435
11426
11412
11411
11404
11399
11398
11397
11392
11385
11374
11369
11316
11306
11280
11267
11236
11233
11224
11218
11216
11209
11206
11197
11191
11183
11166
11156
11140
11140
11139
11124
11104
11096
11079
11072
11066
11066
11061
11038
11034
11030
11022
11017
11011
10996
10994
10993
10973
10964
10948
10929
10927
10924
10921
10920
10908
10907
10887
10882
10878
10856
10845
10842
10810
10807
10798
10792
10790
10775
10762
10730
10729
10693
10687
10678
10662
10659
10650
10625
10621
10614
10596
10595
10582
10582
10581
10565
10557
10521
10488
10478
10477
10458
10456
10449
10429
10415
10412
10410
10404
10398
10387
10380
10367
10366
10364
10325
10319
10312
10311
10304
10297
10283
10278
10270
10268
10251
10245
10236
10213
10208
10190
10177
10172
10164
10157
10155
10139
10126
10123
10116
10113
10102
10085
10077
10067
10060
10034
10027
9979
9974
9955
9944
9937
9929
9923
9914
9905
9899
9889
9776
9766
9761
9737
9722
9717
9714
9712
9709
9709
9698
9696
9689
9686
9678
9663
9661
9647
9645
9627
9602
9596
9579
9573
9566
9561
9550
9544
9513
9509
9504
9502
9497
9491
9484
9470
9435
9431
9422
9418
9417
9367
9330
9329
9326
9316
9306
9299
9287
9275
9275
9247
9233
9220
9215
9205
9204
9204
9202
9198
9197
9194
9190
9188
9186
9173
9168
9133
9131
9113
9106
9102
9099
9095
9068
9067
9053
9027
9019
9007
8993
8984
8978
8960
8924
8911
8908
8906
8903
8902
8839
8835
8824
8823
8810
8799
8798
8767
8764
8748
8745
8739
8732
8683
8677
8673
8669
8644
8644
8643
8639
8630
8619
8607
8603
8600
8594
8589
8589
8582
8576
8546
8545
8536
8533
8531
8527
8507
8501
8495
8491
8465
8464
8463
8462
8460
8454
8453
8450
8426
8424
8417
8401
8400
8387
8384
8383
8382
8371
8336
8331
8316
8310
8296
8292
8288
8287
8286
8283
8276
8272
8260
8247
8237
8219
8211
8200
8193
8166
8157
8149
8142
8131
8124
8119
8114
8112
8112
8084
8081
8056
8045
8045
8040
8030
8018
7997
7996
7985
7983
7975
7954
7950
7949
7948
7947
7942
7921
7918
7913
7911
7901
7899
7887
7886
7885
7875
7869
7867
7855
7844
7841
7840
7823
7802
7743
7736
7729
7716
7702
7691
7673
7665
7664
7661
7649
7648
7640
7599
7592
7577
7562
7557
7555
7548
7536
7507
7498
7496
7487
7483
7482
7477
7470
7463
7456
7450
7448
7410
7409
7399
7393
7362
7361
7327
7305
7290
7282
7275
7239
7223
7215
7209
7204
7188
7187
7162
7146
7145
7132
7131
7126
7123
7123
7119
7112
7112
7109
7106
7104
7090
7083
7048
7034
7015
7010
6995
6984
6967
6967
6964
6961
6956
6946
6944
6941
6919
6886
6882
6871
6858
6855
6853
6853
6829
6796
6783
6780
6771
6769
6762
6761
6760
6759
6746
6746
6738
6728
6717
6710
6700
6684
6664
6655
6654
6643
6639
6629
6623
6616
6607
6603
6603
6597
6588
6579
6579
6578
6578
6571
6550
6529
6527
6523
6491
6490
6454
6450
6445
6423
6407
6402
6401
6371
6350
6344
6344
6343
6325
6307
6303
6293
6290
6288
6255
6240
6222
6190
6183
6179
6167
6165
6163
6149
6140
6077
6062
6061
6028
6027
6023
5986
5970
5958
5957
5956
5950
5928
5926
5924
5914
5906
5897
5876
5872
5848
5847
5830
5804
5794
5781
5767
5762
5756
5749
5748
5739
5736
5730
5725
5723
5696
5684
5667
5666
5664
5645
5639
5637
5631
5625
5621
5594
5588
5568
5502
5489
5484
5461
5423
5402
5380
5371
5363
5361
5357
5356
5356
5353
5347
5322
5320
5317
5298
5293
5270
5240
5221
5215
5210
5202
5199
5186
5183
5176
5160
5160
5156
5110
5102
5088
5080
5075
5069
5067
5052
5041
4998
4972
4962
4953
4943
4939
4927
4926
4919
4900
4899
4882
4882
4870
4864
4833
4829
4814
4790
4761
4741
4724
4717
4707
4704
4698
4688
4657
4655
4640
4637
4616
4590
4587
4577
4564
4553
4551
4529
4510
4506
4502
4491
4491
4486
4462
4423
4420
4394
4391
4390
4382
4377
4370
4359
4353
4343
4341
4330
4326
4312
4303
4303
4294
4262
4246
4245
4229
4200
4187
4173
4163
4158
4132
4108
4108
4100
4094
4066
4059
4029
4027
4013
3991
3990
3989
3967
3962
3952
3945
3932
3920
3916
3909
3902
3896
3895
3882
3882
3880
3825
3820
3816
3813
3788
3788
3785
3778
3758
3753
3745
3744
3739
3731
3721
3720
3710
3703
3699
3693
3668
3666
3664
3662
3661
3652
3644
3628
3620
3614
3586
3585
3581
3573
3560
3555
3530
3527
3518
3513
3494
3477
3474
3462
3456
3451
3447
3430
3421
3418
3416
3400
3352
3351
3341
3331
3324
3314
3313
3302
3293
3292
3281
3281
3276
3276
3272
3251
3249
3248
3244
3241
3234
3221
3220
3208
3197
3195
3194
3155
3154
3151
3147
3136
3114
3106
3087
3083
3065
3039
3038
3036
3030
3027
3008
3006
2982
2972
2966
2953
2953
2949
2929
2928
2915
2910
2902
2886
2879
2869
2867
2853
2847
2817
2815
2809
2803
2794
2783
2776
2768
2760
2730
2703
2701
2684
2673
2666
2660
2649
2646
2639
2623
2620
2618
2602
2591
2570
2558
2555
2499
2487
2444
2437
2430
2426
2403
2397
2395
2393
2370
2356
2354
2351
2329
2327
2321
2316
2316
2314
2287
2263
2257
2257
2239
2224
2222
2214
2212
2177
2164
2162
2162
2161
2153
2145
2100
2085
2074
2069
2068
2067
2048
2047
1995
1979
1970
1966
1966
1944
1939
1929
1912
1903
1895
1874
1868
1859
1850
1838
1834
1828
1817
1811
1807
1804
1795
1782
1768
1754
1753
1753
1748
1739
1736
1729
1722
1721
1721
1703
1702
1700
1698
1698
1681
1673
1663
1652
1634
1628
1626
1611
1590
1572
1563
1540
1525
1510
1493
1487
1482
1459
1452
1451
1435
1429
1417
1413
1411
1409
1403
1393
1390
1363
1334
1324
1300
1266
1264
1264
1260
1237
1235
1215
1212
1197
1194
1190
1183
1179
1176
1153
1149
1149
1124
1119
1113
1107
1101
1059
1030
1027
1024
1013
1003
983
967
960
954
950
945
944
932
918
864
853
833
826
802
798
794
792
791
778
773
746
730
715
692
678
672
668
656
642
636
577
546
546
544
544
536
535
531
530
530
523
518
506
503
503
498
495
494
487
475
454
453
445
434
430
410
394
370
356
344
333
312
298
297
296
283
273
268
268
267
250
240
233
218
209
204
203
196
188
168
144
143
134
111
110
50
46
39
36
34
15
10
6
